dataset,batch_size,learning_rate,momentum,weight_decay,gamma,decay_period,gpu,epochs,seed,k,model,use_project_head,norm_type,save_feat,sampling_size,select_size,attack_epoch,interpolate,classifier,property,attack_feat,begin_range,end_range,target_num,aligned,use_MR,act_weight,use_LR,defense,d_para,d_para2,out_para,defend_scope,defend_side,adaptive_noise,norm_threshold,sigma_low,sigma_high,sigma_alpha,curriculum,warmup_epochs,val_ratio,n_seeds,log_norms,out_csv,device,accuracy,auc,precision,recall,gnd_frac,pred_frac,used_time
adult,64,0.01,0.0,3e-05,0.97,1,0,20,0,3,mlp2,1,1,0,2000,0,18,200,DT,sex,b_grad,0,100,100,1,1,1.0,1,None,0.0,1.0,-1.0,victim_only,both,0,0.0,0.005,0.05,0.05,0,10,0.3,5,1,res_s1_active_adult.csv,cuda,0.8389,0.8904,0.7113,0.5552,0.6635,0.6495,2
adult,64,0.01,0.0,3e-05,0.97,1,0,20,0,3,mlp2,1,1,0,2000,0,18,200,DT,sex,b_output,0,100,100,1,1,1.0,1,None,0.0,1.0,-1.0,victim_only,both,0,0.0,0.005,0.05,0.05,0,10,0.3,5,1,res_s1_active_adult.csv,cuda,0.8389,0.8904,0.7113,0.5552,0.6635,0.6390,2
adult,64,0.01,0.0,3e-05,0.97,1,0,20,0,3,mlp2,1,1,0,2000,0,18,200,DT,sex,a_grad,0,100,100,1,1,1.0,1,None,0.0,1.0,-1.0,victim_only,both,0,0.0,0.005,0.05,0.05,0,10,0.3,5,1,res_s1_active_adult.csv,cuda,0.8389,0.8904,0.7113,0.5552,0.6635,0.6406,2
adult,64,0.01,0.0,3e-05,0.97,1,0,20,0,3,mlp2,1,1,0,2000,0,18,200,DT,sex,a_output,0,100,100,1,1,1.0,1,None,0.0,1.0,-1.0,victim_only,both,0,0.0,0.005,0.05,0.05,0,10,0.3,5,1,res_s1_active_adult.csv,cuda,0.8389,0.8904,0.7113,0.5552,0.6635,0.6692,2
adult,64,0.01,0.0,3e-05,0.97,1,0,20,0,3,mlp2,1,1,0,2000,0,18,200,XGB,sex,b_grad,0,100,100,1,1,1.0,1,None,0.0,1.0,-1.0,victim_only,both,0,0.0,0.005,0.05,0.05,0,10,0.3,5,1,res_s1_active_adult.csv,cuda,0.8389,0.8904,0.7113,0.5552,0.6635,0.6446,7
adult,64,0.01,0.0,3e-05,0.97,1,0,20,0,3,mlp2,1,1,0,2000,0,18,200,XGB,sex,b_output,0,100,100,1,1,1.0,1,None,0.0,1.0,-1.0,victim_only,both,0,0.0,0.005,0.05,0.05,0,10,0.3,5,1,res_s1_active_adult.csv,cuda,0.8389,0.8904,0.7113,0.5552,0.6635,0.6626,7
adult,64,0.01,0.0,3e-05,0.97,1,0,20,0,3,mlp2,1,1,0,2000,0,18,200,XGB,sex,a_grad,0,100,100,1,1,1.0,1,None,0.0,1.0,-1.0,victim_only,both,0,0.0,0.005,0.05,0.05,0,10,0.3,5,1,res_s1_active_adult.csv,cuda,0.8389,0.8904,0.7113,0.5552,0.6635,0.6291,7
adult,64,0.01,0.0,3e-05,0.97,1,0,20,0,3,mlp2,1,1,0,2000,0,18,200,XGB,sex,a_output,0,100,100,1,1,1.0,1,None,0.0,1.0,-1.0,victim_only,both,0,0.0,0.005,0.05,0.05,0,10,0.3,5,1,res_s1_active_adult.csv,cuda,0.8389,0.8904,0.7113,0.5552,0.6635,0.6615,6
adult,64,0.01,0.0,3e-05,0.97,1,0,20,0,3,mlp2,1,1,0,2000,0,18,200,en-DT,sex,all,0,100,100,1,1,1.0,1,None,0.0,1.0,-1.0,victim_only,both,0,0.0,0.005,0.05,0.05,0,10,0.3,5,1,res_s1_active_adult.csv,cuda,0.8389,0.8904,0.7113,0.5552,0.6635,0.6573,12
adult,64,0.01,0.0,3e-05,0.97,1,0,20,0,3,mlp2,1,1,0,2000,0,18,200,en-XGB,sex,all,0,100,100,1,1,1.0,1,None,0.0,1.0,-1.0,victim_only,both,0,0.0,0.005,0.05,0.05,0,10,0.3,5,1,res_s1_active_adult.csv,cuda,0.8389,0.8904,0.7113,0.5552,0.6635,0.6494,28
adult,64,0.01,0.0,3e-05,0.97,1,0,20,1,3,mlp2,1,1,0,2000,0,18,200,DT,sex,b_grad,0,100,100,1,1,1.0,1,None,0.0,1.0,-1.0,victim_only,both,0,0.0,0.005,0.05,0.05,0,10,0.3,5,1,res_s1_active_adult.csv,cuda,0.8389,0.8926,0.7195,0.5411,0.6635,0.6662,2
adult,64,0.01,0.0,3e-05,0.97,1,0,20,1,3,mlp2,1,1,0,2000,0,18,200,DT,sex,b_output,0,100,100,1,1,1.0,1,None,0.0,1.0,-1.0,victim_only,both,0,0.0,0.005,0.05,0.05,0,10,0.3,5,1,res_s1_active_adult.csv,cuda,0.8389,0.8926,0.7195,0.5411,0.6635,0.7235,2
adult,64,0.01,0.0,3e-05,0.97,1,0,20,1,3,mlp2,1,1,0,2000,0,18,200,DT,sex,a_grad,0,100,100,1,1,1.0,1,None,0.0,1.0,-1.0,victim_only,both,0,0.0,0.005,0.05,0.05,0,10,0.3,5,1,res_s1_active_adult.csv,cuda,0.8389,0.8926,0.7195,0.5411,0.6635,0.6817,2
adult,64,0.01,0.0,3e-05,0.97,1,0,20,1,3,mlp2,1,1,0,2000,0,18,200,DT,sex,a_output,0,100,100,1,1,1.0,1,None,0.0,1.0,-1.0,victim_only,both,0,0.0,0.005,0.05,0.05,0,10,0.3,5,1,res_s1_active_adult.csv,cuda,0.8389,0.8926,0.7195,0.5411,0.6635,0.6614,2
adult,64,0.01,0.0,3e-05,0.97,1,0,20,1,3,mlp2,1,1,0,2000,0,18,200,XGB,sex,b_grad,0,100,100,1,1,1.0,1,None,0.0,1.0,-1.0,victim_only,both,0,0.0,0.005,0.05,0.05,0,10,0.3,5,1,res_s1_active_adult.csv,cuda,0.8389,0.8926,0.7195,0.5411,0.6635,0.6705,7
adult,64,0.01,0.0,3e-05,0.97,1,0,20,1,3,mlp2,1,1,0,2000,0,18,200,XGB,sex,b_output,0,100,100,1,1,1.0,1,None,0.0,1.0,-1.0,victim_only,both,0,0.0,0.005,0.05,0.05,0,10,0.3,5,1,res_s1_active_adult.csv,cuda,0.8389,0.8926,0.7195,0.5411,0.6635,0.6082,8
adult,64,0.01,0.0,3e-05,0.97,1,0,20,1,3,mlp2,1,1,0,2000,0,18,200,XGB,sex,a_grad,0,100,100,1,1,1.0,1,None,0.0,1.0,-1.0,victim_only,both,0,0.0,0.005,0.05,0.05,0,10,0.3,5,1,res_s1_active_adult.csv,cuda,0.8389,0.8926,0.7195,0.5411,0.6635,0.6776,7
adult,64,0.01,0.0,3e-05,0.97,1,0,20,1,3,mlp2,1,1,0,2000,0,18,200,XGB,sex,a_output,0,100,100,1,1,1.0,1,None,0.0,1.0,-1.0,victim_only,both,0,0.0,0.005,0.05,0.05,0,10,0.3,5,1,res_s1_active_adult.csv,cuda,0.8389,0.8926,0.7195,0.5411,0.6635,0.6497,7
adult,64,0.01,0.0,3e-05,0.97,1,0,20,1,3,mlp2,1,1,0,2000,0,18,200,en-DT,sex,all,0,100,100,1,1,1.0,1,None,0.0,1.0,-1.0,victim_only,both,0,0.0,0.005,0.05,0.05,0,10,0.3,5,1,res_s1_active_adult.csv,cuda,0.8389,0.8926,0.7195,0.5411,0.6635,0.6757,8
adult,64,0.01,0.0,3e-05,0.97,1,0,20,1,3,mlp2,1,1,0,2000,0,18,200,en-XGB,sex,all,0,100,100,1,1,1.0,1,None,0.0,1.0,-1.0,victim_only,both,0,0.0,0.005,0.05,0.05,0,10,0.3,5,1,res_s1_active_adult.csv,cuda,0.8389,0.8926,0.7195,0.5411,0.6635,0.6720,28
adult,64,0.01,0.0,3e-05,0.97,1,0,20,2,3,mlp2,1,1,0,2000,0,18,200,DT,sex,b_grad,0,100,100,1,1,1.0,1,None,0.0,1.0,-1.0,victim_only,both,0,0.0,0.005,0.05,0.05,0,10,0.3,5,1,res_s1_active_adult.csv,cuda,0.8398,0.8938,0.7195,0.5467,0.6635,0.6869,2
adult,64,0.01,0.0,3e-05,0.97,1,0,20,2,3,mlp2,1,1,0,2000,0,18,200,DT,sex,b_output,0,100,100,1,1,1.0,1,None,0.0,1.0,-1.0,victim_only,both,0,0.0,0.005,0.05,0.05,0,10,0.3,5,1,res_s1_active_adult.csv,cuda,0.8398,0.8938,0.7195,0.5467,0.6635,0.6751,2
adult,64,0.01,0.0,3e-05,0.97,1,0,20,2,3,mlp2,1,1,0,2000,0,18,200,DT,sex,a_grad,0,100,100,1,1,1.0,1,None,0.0,1.0,-1.0,victim_only,both,0,0.0,0.005,0.05,0.05,0,10,0.3,5,1,res_s1_active_adult.csv,cuda,0.8398,0.8938,0.7195,0.5467,0.6635,0.6844,2
adult,64,0.01,0.0,3e-05,0.97,1,0,20,2,3,mlp2,1,1,0,2000,0,18,200,DT,sex,a_output,0,100,100,1,1,1.0,1,None,0.0,1.0,-1.0,victim_only,both,0,0.0,0.005,0.05,0.05,0,10,0.3,5,1,res_s1_active_adult.csv,cuda,0.8398,0.8938,0.7195,0.5467,0.6635,0.6915,2
adult,64,0.01,0.0,3e-05,0.97,1,0,20,2,3,mlp2,1,1,0,2000,0,18,200,XGB,sex,b_grad,0,100,100,1,1,1.0,1,None,0.0,1.0,-1.0,victim_only,both,0,0.0,0.005,0.05,0.05,0,10,0.3,5,1,res_s1_active_adult.csv,cuda,0.8398,0.8938,0.7195,0.5467,0.6635,0.6530,7
adult,64,0.01,0.0,3e-05,0.97,1,0,20,2,3,mlp2,1,1,0,2000,0,18,200,XGB,sex,b_output,0,100,100,1,1,1.0,1,None,0.0,1.0,-1.0,victim_only,both,0,0.0,0.005,0.05,0.05,0,10,0.3,5,1,res_s1_active_adult.csv,cuda,0.8398,0.8938,0.7195,0.5467,0.6635,0.6986,8
adult,64,0.01,0.0,3e-05,0.97,1,0,20,2,3,mlp2,1,1,0,2000,0,18,200,XGB,sex,a_grad,0,100,100,1,1,1.0,1,None,0.0,1.0,-1.0,victim_only,both,0,0.0,0.005,0.05,0.05,0,10,0.3,5,1,res_s1_active_adult.csv,cuda,0.8398,0.8938,0.7195,0.5467,0.6635,0.6542,7
adult,64,0.01,0.0,3e-05,0.97,1,0,20,2,3,mlp2,1,1,0,2000,0,18,200,XGB,sex,a_output,0,100,100,1,1,1.0,1,None,0.0,1.0,-1.0,victim_only,both,0,0.0,0.005,0.05,0.05,0,10,0.3,5,1,res_s1_active_adult.csv,cuda,0.8398,0.8938,0.7195,0.5467,0.6635,0.6567,7
adult,64,0.01,0.0,3e-05,0.97,1,0,20,2,3,mlp2,1,1,0,2000,0,18,200,en-DT,sex,all,0,100,100,1,1,1.0,1,None,0.0,1.0,-1.0,victim_only,both,0,0.0,0.005,0.05,0.05,0,10,0.3,5,1,res_s1_active_adult.csv,cuda,0.8398,0.8938,0.7195,0.5467,0.6635,0.6754,8
adult,64,0.01,0.0,3e-05,0.97,1,0,20,2,3,mlp2,1,1,0,2000,0,18,200,en-XGB,sex,all,0,100,100,1,1,1.0,1,None,0.0,1.0,-1.0,victim_only,both,0,0.0,0.005,0.05,0.05,0,10,0.3,5,1,res_s1_active_adult.csv,cuda,0.8398,0.8938,0.7195,0.5467,0.6635,0.6583,28
adult,64,0.01,0.0,3e-05,0.97,1,0,20,3,3,mlp2,1,1,0,2000,0,18,200,DT,sex,b_grad,0,100,100,1,1,1.0,1,None,0.0,1.0,-1.0,victim_only,both,0,0.0,0.005,0.05,0.05,0,10,0.3,5,1,res_s1_active_adult.csv,cuda,0.8400,0.8946,0.7205,0.5464,0.6635,0.7009,2
adult,64,0.01,0.0,3e-05,0.97,1,0,20,3,3,mlp2,1,1,0,2000,0,18,200,DT,sex,b_output,0,100,100,1,1,1.0,1,None,0.0,1.0,-1.0,victim_only,both,0,0.0,0.005,0.05,0.05,0,10,0.3,5,1,res_s1_active_adult.csv,cuda,0.8400,0.8946,0.7205,0.5464,0.6635,0.6342,3
adult,64,0.01,0.0,3e-05,0.97,1,0,20,3,3,mlp2,1,1,0,2000,0,18,200,DT,sex,a_grad,0,100,100,1,1,1.0,1,None,0.0,1.0,-1.0,victim_only,both,0,0.0,0.005,0.05,0.05,0,10,0.3,5,1,res_s1_active_adult.csv,cuda,0.8400,0.8946,0.7205,0.5464,0.6635,0.6782,2
adult,64,0.01,0.0,3e-05,0.97,1,0,20,3,3,mlp2,1,1,0,2000,0,18,200,DT,sex,a_output,0,100,100,1,1,1.0,1,None,0.0,1.0,-1.0,victim_only,both,0,0.0,0.005,0.05,0.05,0,10,0.3,5,1,res_s1_active_adult.csv,cuda,0.8400,0.8946,0.7205,0.5464,0.6635,0.6597,2
adult,64,0.01,0.0,3e-05,0.97,1,0,20,3,3,mlp2,1,1,0,2000,0,18,200,XGB,sex,b_grad,0,100,100,1,1,1.0,1,None,0.0,1.0,-1.0,victim_only,both,0,0.0,0.005,0.05,0.05,0,10,0.3,5,1,res_s1_active_adult.csv,cuda,0.8400,0.8946,0.7205,0.5464,0.6635,0.6862,7
adult,64,0.01,0.0,3e-05,0.97,1,0,20,3,3,mlp2,1,1,0,2000,0,18,200,XGB,sex,b_output,0,100,100,1,1,1.0,1,None,0.0,1.0,-1.0,victim_only,both,0,0.0,0.005,0.05,0.05,0,10,0.3,5,1,res_s1_active_adult.csv,cuda,0.8400,0.8946,0.7205,0.5464,0.6635,0.6430,8
adult,64,0.01,0.0,3e-05,0.97,1,0,20,3,3,mlp2,1,1,0,2000,0,18,200,XGB,sex,a_grad,0,100,100,1,1,1.0,1,None,0.0,1.0,-1.0,victim_only,both,0,0.0,0.005,0.05,0.05,0,10,0.3,5,1,res_s1_active_adult.csv,cuda,0.8400,0.8946,0.7205,0.5464,0.6635,0.6789,7
adult,64,0.01,0.0,3e-05,0.97,1,0,20,3,3,mlp2,1,1,0,2000,0,18,200,XGB,sex,a_output,0,100,100,1,1,1.0,1,None,0.0,1.0,-1.0,victim_only,both,0,0.0,0.005,0.05,0.05,0,10,0.3,5,1,res_s1_active_adult.csv,cuda,0.8400,0.8946,0.7205,0.5464,0.6635,0.6517,7
adult,64,0.01,0.0,3e-05,0.97,1,0,20,3,3,mlp2,1,1,0,2000,0,18,200,en-DT,sex,all,0,100,100,1,1,1.0,1,None,0.0,1.0,-1.0,victim_only,both,0,0.0,0.005,0.05,0.05,0,10,0.3,5,1,res_s1_active_adult.csv,cuda,0.8400,0.8946,0.7205,0.5464,0.6635,0.6672,8
adult,64,0.01,0.0,3e-05,0.97,1,0,20,3,3,mlp2,1,1,0,2000,0,18,200,en-XGB,sex,all,0,100,100,1,1,1.0,1,None,0.0,1.0,-1.0,victim_only,both,0,0.0,0.005,0.05,0.05,0,10,0.3,5,1,res_s1_active_adult.csv,cuda,0.8400,0.8946,0.7205,0.5464,0.6635,0.6692,28
adult,64,0.01,0.0,3e-05,0.97,1,0,20,4,3,mlp2,1,1,0,2000,0,18,200,DT,sex,b_grad,0,100,100,1,1,1.0,1,None,0.0,1.0,-1.0,victim_only,both,0,0.0,0.005,0.05,0.05,0,10,0.3,5,1,res_s1_active_adult.csv,cuda,0.8380,0.8908,0.7096,0.5524,0.6635,0.6653,2
adult,64,0.01,0.0,3e-05,0.97,1,0,20,4,3,mlp2,1,1,0,2000,0,18,200,DT,sex,b_output,0,100,100,1,1,1.0,1,None,0.0,1.0,-1.0,victim_only,both,0,0.0,0.005,0.05,0.05,0,10,0.3,5,1,res_s1_active_adult.csv,cuda,0.8380,0.8908,0.7096,0.5524,0.6635,0.6686,2
adult,64,0.01,0.0,3e-05,0.97,1,0,20,4,3,mlp2,1,1,0,2000,0,18,200,DT,sex,a_grad,0,100,100,1,1,1.0,1,None,0.0,1.0,-1.0,victim_only,both,0,0.0,0.005,0.05,0.05,0,10,0.3,5,1,res_s1_active_adult.csv,cuda,0.8380,0.8908,0.7096,0.5524,0.6635,0.6682,2
adult,64,0.01,0.0,3e-05,0.97,1,0,20,4,3,mlp2,1,1,0,2000,0,18,200,DT,sex,a_output,0,100,100,1,1,1.0,1,None,0.0,1.0,-1.0,victim_only,both,0,0.0,0.005,0.05,0.05,0,10,0.3,5,1,res_s1_active_adult.csv,cuda,0.8380,0.8908,0.7096,0.5524,0.6635,0.6737,2
adult,64,0.01,0.0,3e-05,0.97,1,0,20,4,3,mlp2,1,1,0,2000,0,18,200,XGB,sex,b_grad,0,100,100,1,1,1.0,1,None,0.0,1.0,-1.0,victim_only,both,0,0.0,0.005,0.05,0.05,0,10,0.3,5,1,res_s1_active_adult.csv,cuda,0.8380,0.8908,0.7096,0.5524,0.6635,0.6585,7
adult,64,0.01,0.0,3e-05,0.97,1,0,20,4,3,mlp2,1,1,0,2000,0,18,200,XGB,sex,b_output,0,100,100,1,1,1.0,1,None,0.0,1.0,-1.0,victim_only,both,0,0.0,0.005,0.05,0.05,0,10,0.3,5,1,res_s1_active_adult.csv,cuda,0.8380,0.8908,0.7096,0.5524,0.6635,0.6521,7
adult,64,0.01,0.0,3e-05,0.97,1,0,20,4,3,mlp2,1,1,0,2000,0,18,200,XGB,sex,a_grad,0,100,100,1,1,1.0,1,None,0.0,1.0,-1.0,victim_only,both,0,0.0,0.005,0.05,0.05,0,10,0.3,5,1,res_s1_active_adult.csv,cuda,0.8380,0.8908,0.7096,0.5524,0.6635,0.6617,7
adult,64,0.01,0.0,3e-05,0.97,1,0,20,4,3,mlp2,1,1,0,2000,0,18,200,XGB,sex,a_output,0,100,100,1,1,1.0,1,None,0.0,1.0,-1.0,victim_only,both,0,0.0,0.005,0.05,0.05,0,10,0.3,5,1,res_s1_active_adult.csv,cuda,0.8380,0.8908,0.7096,0.5524,0.6635,0.6639,7
adult,64,0.01,0.0,3e-05,0.97,1,0,20,4,3,mlp2,1,1,0,2000,0,18,200,en-DT,sex,all,0,100,100,1,1,1.0,1,None,0.0,1.0,-1.0,victim_only,both,0,0.0,0.005,0.05,0.05,0,10,0.3,5,1,res_s1_active_adult.csv,cuda,0.8380,0.8908,0.7096,0.5524,0.6635,0.6615,12
adult,64,0.01,0.0,3e-05,0.97,1,0,20,4,3,mlp2,1,1,0,2000,0,18,200,en-XGB,sex,all,0,100,100,1,1,1.0,1,None,0.0,1.0,-1.0,victim_only,both,0,0.0,0.005,0.05,0.05,0,10,0.3,5,1,res_s1_active_adult.csv,cuda,0.8380,0.8908,0.7096,0.5524,0.6635,0.6672,28
adult,64,0.01,0.0,3e-05,0.97,1,0,20,0,3,mlp2,1,1,0,2000,0,18,200,DT,sex,b_grad,0,100,100,1,1,1.0,1,gauss_noise,0.0,1.0,0.05,victim_only,output,0,0.0,0.005,0.05,0.05,0,10,0.3,5,0,res_s1_active_adult.csv,cuda,0.8384,0.8898,0.7131,0.5486,0.6635,0.6610,2
adult,64,0.01,0.0,3e-05,0.97,1,0,20,0,3,mlp2,1,1,0,2000,0,18,200,DT,sex,b_output,0,100,100,1,1,1.0,1,gauss_noise,0.0,1.0,0.05,victim_only,output,0,0.0,0.005,0.05,0.05,0,10,0.3,5,0,res_s1_active_adult.csv,cuda,0.8384,0.8898,0.7131,0.5486,0.6635,0.6479,2
adult,64,0.01,0.0,3e-05,0.97,1,0,20,0,3,mlp2,1,1,0,2000,0,18,200,DT,sex,a_grad,0,100,100,1,1,1.0,1,gauss_noise,0.0,1.0,0.05,victim_only,output,0,0.0,0.005,0.05,0.05,0,10,0.3,5,0,res_s1_active_adult.csv,cuda,0.8384,0.8898,0.7131,0.5486,0.6635,0.6428,2
adult,64,0.01,0.0,3e-05,0.97,1,0,20,0,3,mlp2,1,1,0,2000,0,18,200,DT,sex,a_output,0,100,100,1,1,1.0,1,gauss_noise,0.0,1.0,0.05,victim_only,output,0,0.0,0.005,0.05,0.05,0,10,0.3,5,0,res_s1_active_adult.csv,cuda,0.8384,0.8898,0.7131,0.5486,0.6635,0.6625,2
adult,64,0.01,0.0,3e-05,0.97,1,0,20,0,3,mlp2,1,1,0,2000,0,18,200,XGB,sex,b_grad,0,100,100,1,1,1.0,1,gauss_noise,0.0,1.0,0.05,victim_only,output,0,0.0,0.005,0.05,0.05,0,10,0.3,5,0,res_s1_active_adult.csv,cuda,0.8384,0.8898,0.7131,0.5486,0.6635,0.6331,7
adult,64,0.01,0.0,3e-05,0.97,1,0,20,0,3,mlp2,1,1,0,2000,0,18,200,XGB,sex,b_output,0,100,100,1,1,1.0,1,gauss_noise,0.0,1.0,0.05,victim_only,output,0,0.0,0.005,0.05,0.05,0,10,0.3,5,0,res_s1_active_adult.csv,cuda,0.8384,0.8898,0.7131,0.5486,0.6635,0.6619,7
adult,64,0.01,0.0,3e-05,0.97,1,0,20,0,3,mlp2,1,1,0,2000,0,18,200,XGB,sex,a_grad,0,100,100,1,1,1.0,1,gauss_noise,0.0,1.0,0.05,victim_only,output,0,0.0,0.005,0.05,0.05,0,10,0.3,5,0,res_s1_active_adult.csv,cuda,0.8384,0.8898,0.7131,0.5486,0.6635,0.6345,7
adult,64,0.01,0.0,3e-05,0.97,1,0,20,0,3,mlp2,1,1,0,2000,0,18,200,XGB,sex,a_output,0,100,100,1,1,1.0,1,gauss_noise,0.0,1.0,0.05,victim_only,output,0,0.0,0.005,0.05,0.05,0,10,0.3,5,0,res_s1_active_adult.csv,cuda,0.8384,0.8898,0.7131,0.5486,0.6635,0.6623,6
adult,64,0.01,0.0,3e-05,0.97,1,0,20,0,3,mlp2,1,1,0,2000,0,18,200,en-DT,sex,all,0,100,100,1,1,1.0,1,gauss_noise,0.0,1.0,0.05,victim_only,output,0,0.0,0.005,0.05,0.05,0,10,0.3,5,0,res_s1_active_adult.csv,cuda,0.8384,0.8898,0.7131,0.5486,0.6635,0.6570,8
adult,64,0.01,0.0,3e-05,0.97,1,0,20,0,3,mlp2,1,1,0,2000,0,18,200,en-XGB,sex,all,0,100,100,1,1,1.0,1,gauss_noise,0.0,1.0,0.05,victim_only,output,0,0.0,0.005,0.05,0.05,0,10,0.3,5,0,res_s1_active_adult.csv,cuda,0.8384,0.8898,0.7131,0.5486,0.6635,0.6424,28
adult,64,0.01,0.0,3e-05,0.97,1,0,20,1,3,mlp2,1,1,0,2000,0,18,200,DT,sex,b_grad,0,100,100,1,1,1.0,1,gauss_noise,0.0,1.0,0.05,victim_only,output,0,0.0,0.005,0.05,0.05,0,10,0.3,5,0,res_s1_active_adult.csv,cuda,0.8394,0.8919,0.7211,0.5414,0.6635,0.6860,2
adult,64,0.01,0.0,3e-05,0.97,1,0,20,1,3,mlp2,1,1,0,2000,0,18,200,DT,sex,b_output,0,100,100,1,1,1.0,1,gauss_noise,0.0,1.0,0.05,victim_only,output,0,0.0,0.005,0.05,0.05,0,10,0.3,5,0,res_s1_active_adult.csv,cuda,0.8394,0.8919,0.7211,0.5414,0.6635,0.6747,2
adult,64,0.01,0.0,3e-05,0.97,1,0,20,1,3,mlp2,1,1,0,2000,0,18,200,DT,sex,a_grad,0,100,100,1,1,1.0,1,gauss_noise,0.0,1.0,0.05,victim_only,output,0,0.0,0.005,0.05,0.05,0,10,0.3,5,0,res_s1_active_adult.csv,cuda,0.8394,0.8919,0.7211,0.5414,0.6635,0.6914,2
adult,64,0.01,0.0,3e-05,0.97,1,0,20,1,3,mlp2,1,1,0,2000,0,18,200,DT,sex,a_output,0,100,100,1,1,1.0,1,gauss_noise,0.0,1.0,0.05,victim_only,output,0,0.0,0.005,0.05,0.05,0,10,0.3,5,0,res_s1_active_adult.csv,cuda,0.8394,0.8919,0.7211,0.5414,0.6635,0.6612,2
adult,64,0.01,0.0,3e-05,0.97,1,0,20,1,3,mlp2,1,1,0,2000,0,18,200,XGB,sex,b_grad,0,100,100,1,1,1.0,1,gauss_noise,0.0,1.0,0.05,victim_only,output,0,0.0,0.005,0.05,0.05,0,10,0.3,5,0,res_s1_active_adult.csv,cuda,0.8394,0.8919,0.7211,0.5414,0.6635,0.6759,7
adult,64,0.01,0.0,3e-05,0.97,1,0,20,1,3,mlp2,1,1,0,2000,0,18,200,XGB,sex,b_output,0,100,100,1,1,1.0,1,gauss_noise,0.0,1.0,0.05,victim_only,output,0,0.0,0.005,0.05,0.05,0,10,0.3,5,0,res_s1_active_adult.csv,cuda,0.8394,0.8919,0.7211,0.5414,0.6635,0.6317,8
adult,64,0.01,0.0,3e-05,0.97,1,0,20,1,3,mlp2,1,1,0,2000,0,18,200,XGB,sex,a_grad,0,100,100,1,1,1.0,1,gauss_noise,0.0,1.0,0.05,victim_only,output,0,0.0,0.005,0.05,0.05,0,10,0.3,5,0,res_s1_active_adult.csv,cuda,0.8394,0.8919,0.7211,0.5414,0.6635,0.6802,7
adult,64,0.01,0.0,3e-05,0.97,1,0,20,1,3,mlp2,1,1,0,2000,0,18,200,XGB,sex,a_output,0,100,100,1,1,1.0,1,gauss_noise,0.0,1.0,0.05,victim_only,output,0,0.0,0.005,0.05,0.05,0,10,0.3,5,0,res_s1_active_adult.csv,cuda,0.8394,0.8919,0.7211,0.5414,0.6635,0.6490,6
adult,64,0.01,0.0,3e-05,0.97,1,0,20,1,3,mlp2,1,1,0,2000,0,18,200,en-DT,sex,all,0,100,100,1,1,1.0,1,gauss_noise,0.0,1.0,0.05,victim_only,output,0,0.0,0.005,0.05,0.05,0,10,0.3,5,0,res_s1_active_adult.csv,cuda,0.8394,0.8919,0.7211,0.5414,0.6635,0.6725,8
adult,64,0.01,0.0,3e-05,0.97,1,0,20,1,3,mlp2,1,1,0,2000,0,18,200,en-XGB,sex,all,0,100,100,1,1,1.0,1,gauss_noise,0.0,1.0,0.05,victim_only,output,0,0.0,0.005,0.05,0.05,0,10,0.3,5,0,res_s1_active_adult.csv,cuda,0.8394,0.8919,0.7211,0.5414,0.6635,0.6716,28
adult,64,0.01,0.0,3e-05,0.97,1,0,20,2,3,mlp2,1,1,0,2000,0,18,200,DT,sex,b_grad,0,100,100,1,1,1.0,1,gauss_noise,0.0,1.0,0.05,victim_only,output,0,0.0,0.005,0.05,0.05,0,10,0.3,5,0,res_s1_active_adult.csv,cuda,0.8404,0.8938,0.7212,0.5483,0.6635,0.6408,2
adult,64,0.01,0.0,3e-05,0.97,1,0,20,2,3,mlp2,1,1,0,2000,0,18,200,DT,sex,b_output,0,100,100,1,1,1.0,1,gauss_noise,0.0,1.0,0.05,victim_only,output,0,0.0,0.005,0.05,0.05,0,10,0.3,5,0,res_s1_active_adult.csv,cuda,0.8404,0.8938,0.7212,0.5483,0.6635,0.6809,2
adult,64,0.01,0.0,3e-05,0.97,1,0,20,2,3,mlp2,1,1,0,2000,0,18,200,DT,sex,a_grad,0,100,100,1,1,1.0,1,gauss_noise,0.0,1.0,0.05,victim_only,output,0,0.0,0.005,0.05,0.05,0,10,0.3,5,0,res_s1_active_adult.csv,cuda,0.8404,0.8938,0.7212,0.5483,0.6635,0.6767,2
adult,64,0.01,0.0,3e-05,0.97,1,0,20,2,3,mlp2,1,1,0,2000,0,18,200,DT,sex,a_output,0,100,100,1,1,1.0,1,gauss_noise,0.0,1.0,0.05,victim_only,output,0,0.0,0.005,0.05,0.05,0,10,0.3,5,0,res_s1_active_adult.csv,cuda,0.8404,0.8938,0.7212,0.5483,0.6635,0.6730,2
adult,64,0.01,0.0,3e-05,0.97,1,0,20,2,3,mlp2,1,1,0,2000,0,18,200,XGB,sex,b_grad,0,100,100,1,1,1.0,1,gauss_noise,0.0,1.0,0.05,victim_only,output,0,0.0,0.005,0.05,0.05,0,10,0.3,5,0,res_s1_active_adult.csv,cuda,0.8404,0.8938,0.7212,0.5483,0.6635,0.6488,7
adult,64,0.01,0.0,3e-05,0.97,1,0,20,2,3,mlp2,1,1,0,2000,0,18,200,XGB,sex,b_output,0,100,100,1,1,1.0,1,gauss_noise,0.0,1.0,0.05,victim_only,output,0,0.0,0.005,0.05,0.05,0,10,0.3,5,0,res_s1_active_adult.csv,cuda,0.8404,0.8938,0.7212,0.5483,0.6635,0.6822,8
adult,64,0.01,0.0,3e-05,0.97,1,0,20,2,3,mlp2,1,1,0,2000,0,18,200,XGB,sex,a_grad,0,100,100,1,1,1.0,1,gauss_noise,0.0,1.0,0.05,victim_only,output,0,0.0,0.005,0.05,0.05,0,10,0.3,5,0,res_s1_active_adult.csv,cuda,0.8404,0.8938,0.7212,0.5483,0.6635,0.6562,6
adult,64,0.01,0.0,3e-05,0.97,1,0,20,2,3,mlp2,1,1,0,2000,0,18,200,XGB,sex,a_output,0,100,100,1,1,1.0,1,gauss_noise,0.0,1.0,0.05,victim_only,output,0,0.0,0.005,0.05,0.05,0,10,0.3,5,0,res_s1_active_adult.csv,cuda,0.8404,0.8938,0.7212,0.5483,0.6635,0.6529,6
adult,64,0.01,0.0,3e-05,0.97,1,0,20,2,3,mlp2,1,1,0,2000,0,18,200,en-DT,sex,all,0,100,100,1,1,1.0,1,gauss_noise,0.0,1.0,0.05,victim_only,output,0,0.0,0.005,0.05,0.05,0,10,0.3,5,0,res_s1_active_adult.csv,cuda,0.8404,0.8938,0.7212,0.5483,0.6635,0.6763,8
adult,64,0.01,0.0,3e-05,0.97,1,0,20,2,3,mlp2,1,1,0,2000,0,18,200,en-XGB,sex,all,0,100,100,1,1,1.0,1,gauss_noise,0.0,1.0,0.05,victim_only,output,0,0.0,0.005,0.05,0.05,0,10,0.3,5,0,res_s1_active_adult.csv,cuda,0.8404,0.8938,0.7212,0.5483,0.6635,0.6537,28
adult,64,0.01,0.0,3e-05,0.97,1,0,20,3,3,mlp2,1,1,0,2000,0,18,200,DT,sex,b_grad,0,100,100,1,1,1.0,1,gauss_noise,0.0,1.0,0.05,victim_only,output,0,0.0,0.005,0.05,0.05,0,10,0.3,5,0,res_s1_active_adult.csv,cuda,0.8395,0.8942,0.7207,0.5430,0.6635,0.6925,2
adult,64,0.01,0.0,3e-05,0.97,1,0,20,3,3,mlp2,1,1,0,2000,0,18,200,DT,sex,b_output,0,100,100,1,1,1.0,1,gauss_noise,0.0,1.0,0.05,victim_only,output,0,0.0,0.005,0.05,0.05,0,10,0.3,5,0,res_s1_active_adult.csv,cuda,0.8395,0.8942,0.7207,0.5430,0.6635,0.5695,2
adult,64,0.01,0.0,3e-05,0.97,1,0,20,3,3,mlp2,1,1,0,2000,0,18,200,DT,sex,a_grad,0,100,100,1,1,1.0,1,gauss_noise,0.0,1.0,0.05,victim_only,output,0,0.0,0.005,0.05,0.05,0,10,0.3,5,0,res_s1_active_adult.csv,cuda,0.8395,0.8942,0.7207,0.5430,0.6635,0.6991,2
adult,64,0.01,0.0,3e-05,0.97,1,0,20,3,3,mlp2,1,1,0,2000,0,18,200,DT,sex,a_output,0,100,100,1,1,1.0,1,gauss_noise,0.0,1.0,0.05,victim_only,output,0,0.0,0.005,0.05,0.05,0,10,0.3,5,0,res_s1_active_adult.csv,cuda,0.8395,0.8942,0.7207,0.5430,0.6635,0.6215,2
adult,64,0.01,0.0,3e-05,0.97,1,0,20,3,3,mlp2,1,1,0,2000,0,18,200,XGB,sex,b_grad,0,100,100,1,1,1.0,1,gauss_noise,0.0,1.0,0.05,victim_only,output,0,0.0,0.005,0.05,0.05,0,10,0.3,5,0,res_s1_active_adult.csv,cuda,0.8395,0.8942,0.7207,0.5430,0.6635,0.6836,7
adult,64,0.01,0.0,3e-05,0.97,1,0,20,3,3,mlp2,1,1,0,2000,0,18,200,XGB,sex,b_output,0,100,100,1,1,1.0,1,gauss_noise,0.0,1.0,0.05,victim_only,output,0,0.0,0.005,0.05,0.05,0,10,0.3,5,0,res_s1_active_adult.csv,cuda,0.8395,0.8942,0.7207,0.5430,0.6635,0.5785,8
adult,64,0.01,0.0,3e-05,0.97,1,0,20,3,3,mlp2,1,1,0,2000,0,18,200,XGB,sex,a_grad,0,100,100,1,1,1.0,1,gauss_noise,0.0,1.0,0.05,victim_only,output,0,0.0,0.005,0.05,0.05,0,10,0.3,5,0,res_s1_active_adult.csv,cuda,0.8395,0.8942,0.7207,0.5430,0.6635,0.6931,7
adult,64,0.01,0.0,3e-05,0.97,1,0,20,3,3,mlp2,1,1,0,2000,0,18,200,XGB,sex,a_output,0,100,100,1,1,1.0,1,gauss_noise,0.0,1.0,0.05,victim_only,output,0,0.0,0.005,0.05,0.05,0,10,0.3,5,0,res_s1_active_adult.csv,cuda,0.8395,0.8942,0.7207,0.5430,0.6635,0.6328,7
adult,64,0.01,0.0,3e-05,0.97,1,0,20,3,3,mlp2,1,1,0,2000,0,18,200,en-DT,sex,all,0,100,100,1,1,1.0,1,gauss_noise,0.0,1.0,0.05,victim_only,output,0,0.0,0.005,0.05,0.05,0,10,0.3,5,0,res_s1_active_adult.csv,cuda,0.8395,0.8942,0.7207,0.5430,0.6635,0.6265,8
adult,64,0.01,0.0,3e-05,0.97,1,0,20,3,3,mlp2,1,1,0,2000,0,18,200,en-XGB,sex,all,0,100,100,1,1,1.0,1,gauss_noise,0.0,1.0,0.05,victim_only,output,0,0.0,0.005,0.05,0.05,0,10,0.3,5,0,res_s1_active_adult.csv,cuda,0.8395,0.8942,0.7207,0.5430,0.6635,0.6386,28
adult,64,0.01,0.0,3e-05,0.97,1,0,20,4,3,mlp2,1,1,0,2000,0,18,200,DT,sex,b_grad,0,100,100,1,1,1.0,1,gauss_noise,0.0,1.0,0.05,victim_only,output,0,0.0,0.005,0.05,0.05,0,10,0.3,5,0,res_s1_active_adult.csv,cuda,0.8378,0.8904,0.7078,0.5542,0.6635,0.6781,2
adult,64,0.01,0.0,3e-05,0.97,1,0,20,4,3,mlp2,1,1,0,2000,0,18,200,DT,sex,b_output,0,100,100,1,1,1.0,1,gauss_noise,0.0,1.0,0.05,victim_only,output,0,0.0,0.005,0.05,0.05,0,10,0.3,5,0,res_s1_active_adult.csv,cuda,0.8378,0.8904,0.7078,0.5542,0.6635,0.6675,2
adult,64,0.01,0.0,3e-05,0.97,1,0,20,4,3,mlp2,1,1,0,2000,0,18,200,DT,sex,a_grad,0,100,100,1,1,1.0,1,gauss_noise,0.0,1.0,0.05,victim_only,output,0,0.0,0.005,0.05,0.05,0,10,0.3,5,0,res_s1_active_adult.csv,cuda,0.8378,0.8904,0.7078,0.5542,0.6635,0.6757,2
adult,64,0.01,0.0,3e-05,0.97,1,0,20,4,3,mlp2,1,1,0,2000,0,18,200,DT,sex,a_output,0,100,100,1,1,1.0,1,gauss_noise,0.0,1.0,0.05,victim_only,output,0,0.0,0.005,0.05,0.05,0,10,0.3,5,0,res_s1_active_adult.csv,cuda,0.8378,0.8904,0.7078,0.5542,0.6635,0.6636,2
adult,64,0.01,0.0,3e-05,0.97,1,0,20,4,3,mlp2,1,1,0,2000,0,18,200,XGB,sex,b_grad,0,100,100,1,1,1.0,1,gauss_noise,0.0,1.0,0.05,victim_only,output,0,0.0,0.005,0.05,0.05,0,10,0.3,5,0,res_s1_active_adult.csv,cuda,0.8378,0.8904,0.7078,0.5542,0.6635,0.6673,7
adult,64,0.01,0.0,3e-05,0.97,1,0,20,4,3,mlp2,1,1,0,2000,0,18,200,XGB,sex,b_output,0,100,100,1,1,1.0,1,gauss_noise,0.0,1.0,0.05,victim_only,output,0,0.0,0.005,0.05,0.05,0,10,0.3,5,0,res_s1_active_adult.csv,cuda,0.8378,0.8904,0.7078,0.5542,0.6635,0.6599,7
adult,64,0.01,0.0,3e-05,0.97,1,0,20,4,3,mlp2,1,1,0,2000,0,18,200,XGB,sex,a_grad,0,100,100,1,1,1.0,1,gauss_noise,0.0,1.0,0.05,victim_only,output,0,0.0,0.005,0.05,0.05,0,10,0.3,5,0,res_s1_active_adult.csv,cuda,0.8378,0.8904,0.7078,0.5542,0.6635,0.6644,7
adult,64,0.01,0.0,3e-05,0.97,1,0,20,4,3,mlp2,1,1,0,2000,0,18,200,XGB,sex,a_output,0,100,100,1,1,1.0,1,gauss_noise,0.0,1.0,0.05,victim_only,output,0,0.0,0.005,0.05,0.05,0,10,0.3,5,0,res_s1_active_adult.csv,cuda,0.8378,0.8904,0.7078,0.5542,0.6635,0.6660,6
adult,64,0.01,0.0,3e-05,0.97,1,0,20,4,3,mlp2,1,1,0,2000,0,18,200,en-DT,sex,all,0,100,100,1,1,1.0,1,gauss_noise,0.0,1.0,0.05,victim_only,output,0,0.0,0.005,0.05,0.05,0,10,0.3,5,0,res_s1_active_adult.csv,cuda,0.8378,0.8904,0.7078,0.5542,0.6635,0.6708,8
adult,64,0.01,0.0,3e-05,0.97,1,0,20,4,3,mlp2,1,1,0,2000,0,18,200,en-XGB,sex,all,0,100,100,1,1,1.0,1,gauss_noise,0.0,1.0,0.05,victim_only,output,0,0.0,0.005,0.05,0.05,0,10,0.3,5,0,res_s1_active_adult.csv,cuda,0.8378,0.8904,0.7078,0.5542,0.6635,0.6672,28
adult,64,0.01,0.0,3e-05,0.97,1,0,20,0,3,mlp2,1,1,0,2000,0,18,200,DT,sex,b_grad,0,100,100,1,1,1.0,1,gauss_noise,0.0,1.0,0.05,both,output,0,0.0,0.005,0.05,0.05,0,10,0.3,5,0,res_s1_active_adult.csv,cuda,0.8387,0.8897,0.7122,0.5524,0.6635,0.6397,2
adult,64,0.01,0.0,3e-05,0.97,1,0,20,0,3,mlp2,1,1,0,2000,0,18,200,DT,sex,b_output,0,100,100,1,1,1.0,1,gauss_noise,0.0,1.0,0.05,both,output,0,0.0,0.005,0.05,0.05,0,10,0.3,5,0,res_s1_active_adult.csv,cuda,0.8387,0.8897,0.7122,0.5524,0.6635,0.6542,2
adult,64,0.01,0.0,3e-05,0.97,1,0,20,0,3,mlp2,1,1,0,2000,0,18,200,DT,sex,a_grad,0,100,100,1,1,1.0,1,gauss_noise,0.0,1.0,0.05,both,output,0,0.0,0.005,0.05,0.05,0,10,0.3,5,0,res_s1_active_adult.csv,cuda,0.8387,0.8897,0.7122,0.5524,0.6635,0.6365,3
adult,64,0.01,0.0,3e-05,0.97,1,0,20,0,3,mlp2,1,1,0,2000,0,18,200,DT,sex,a_output,0,100,100,1,1,1.0,1,gauss_noise,0.0,1.0,0.05,both,output,0,0.0,0.005,0.05,0.05,0,10,0.3,5,0,res_s1_active_adult.csv,cuda,0.8387,0.8897,0.7122,0.5524,0.6635,0.6583,3
adult,64,0.01,0.0,3e-05,0.97,1,0,20,0,3,mlp2,1,1,0,2000,0,18,200,XGB,sex,b_grad,0,100,100,1,1,1.0,1,gauss_noise,0.0,1.0,0.05,both,output,0,0.0,0.005,0.05,0.05,0,10,0.3,5,0,res_s1_active_adult.csv,cuda,0.8387,0.8897,0.7122,0.5524,0.6635,0.6470,7
adult,64,0.01,0.0,3e-05,0.97,1,0,20,0,3,mlp2,1,1,0,2000,0,18,200,XGB,sex,b_output,0,100,100,1,1,1.0,1,gauss_noise,0.0,1.0,0.05,both,output,0,0.0,0.005,0.05,0.05,0,10,0.3,5,0,res_s1_active_adult.csv,cuda,0.8387,0.8897,0.7122,0.5524,0.6635,0.6612,7
adult,64,0.01,0.0,3e-05,0.97,1,0,20,0,3,mlp2,1,1,0,2000,0,18,200,XGB,sex,a_grad,0,100,100,1,1,1.0,1,gauss_noise,0.0,1.0,0.05,both,output,0,0.0,0.005,0.05,0.05,0,10,0.3,5,0,res_s1_active_adult.csv,cuda,0.8387,0.8897,0.7122,0.5524,0.6635,0.6258,7
adult,64,0.01,0.0,3e-05,0.97,1,0,20,0,3,mlp2,1,1,0,2000,0,18,200,XGB,sex,a_output,0,100,100,1,1,1.0,1,gauss_noise,0.0,1.0,0.05,both,output,0,0.0,0.005,0.05,0.05,0,10,0.3,5,0,res_s1_active_adult.csv,cuda,0.8387,0.8897,0.7122,0.5524,0.6635,0.6619,7
adult,64,0.01,0.0,3e-05,0.97,1,0,20,0,3,mlp2,1,1,0,2000,0,18,200,en-DT,sex,all,0,100,100,1,1,1.0,1,gauss_noise,0.0,1.0,0.05,both,output,0,0.0,0.005,0.05,0.05,0,10,0.3,5,0,res_s1_active_adult.csv,cuda,0.8387,0.8897,0.7122,0.5524,0.6635,0.6639,8
adult,64,0.01,0.0,3e-05,0.97,1,0,20,0,3,mlp2,1,1,0,2000,0,18,200,en-XGB,sex,all,0,100,100,1,1,1.0,1,gauss_noise,0.0,1.0,0.05,both,output,0,0.0,0.005,0.05,0.05,0,10,0.3,5,0,res_s1_active_adult.csv,cuda,0.8387,0.8897,0.7122,0.5524,0.6635,0.6478,28
adult,64,0.01,0.0,3e-05,0.97,1,0,20,1,3,mlp2,1,1,0,2000,0,18,200,DT,sex,b_grad,0,100,100,1,1,1.0,1,gauss_noise,0.0,1.0,0.05,both,output,0,0.0,0.005,0.05,0.05,0,10,0.3,5,0,res_s1_active_adult.csv,cuda,0.8393,0.8916,0.7222,0.5389,0.6635,0.6886,2
adult,64,0.01,0.0,3e-05,0.97,1,0,20,1,3,mlp2,1,1,0,2000,0,18,200,DT,sex,b_output,0,100,100,1,1,1.0,1,gauss_noise,0.0,1.0,0.05,both,output,0,0.0,0.005,0.05,0.05,0,10,0.3,5,0,res_s1_active_adult.csv,cuda,0.8393,0.8916,0.7222,0.5389,0.6635,0.7998,2
adult,64,0.01,0.0,3e-05,0.97,1,0,20,1,3,mlp2,1,1,0,2000,0,18,200,DT,sex,a_grad,0,100,100,1,1,1.0,1,gauss_noise,0.0,1.0,0.05,both,output,0,0.0,0.005,0.05,0.05,0,10,0.3,5,0,res_s1_active_adult.csv,cuda,0.8393,0.8916,0.7222,0.5389,0.6635,0.6901,2
adult,64,0.01,0.0,3e-05,0.97,1,0,20,1,3,mlp2,1,1,0,2000,0,18,200,DT,sex,a_output,0,100,100,1,1,1.0,1,gauss_noise,0.0,1.0,0.05,both,output,0,0.0,0.005,0.05,0.05,0,10,0.3,5,0,res_s1_active_adult.csv,cuda,0.8393,0.8916,0.7222,0.5389,0.6635,0.6784,2
adult,64,0.01,0.0,3e-05,0.97,1,0,20,1,3,mlp2,1,1,0,2000,0,18,200,XGB,sex,b_grad,0,100,100,1,1,1.0,1,gauss_noise,0.0,1.0,0.05,both,output,0,0.0,0.005,0.05,0.05,0,10,0.3,5,0,res_s1_active_adult.csv,cuda,0.8393,0.8916,0.7222,0.5389,0.6635,0.6712,7
adult,64,0.01,0.0,3e-05,0.97,1,0,20,1,3,mlp2,1,1,0,2000,0,18,200,XGB,sex,b_output,0,100,100,1,1,1.0,1,gauss_noise,0.0,1.0,0.05,both,output,0,0.0,0.005,0.05,0.05,0,10,0.3,5,0,res_s1_active_adult.csv,cuda,0.8393,0.8916,0.7222,0.5389,0.6635,0.7528,8
adult,64,0.01,0.0,3e-05,0.97,1,0,20,1,3,mlp2,1,1,0,2000,0,18,200,XGB,sex,a_grad,0,100,100,1,1,1.0,1,gauss_noise,0.0,1.0,0.05,both,output,0,0.0,0.005,0.05,0.05,0,10,0.3,5,0,res_s1_active_adult.csv,cuda,0.8393,0.8916,0.7222,0.5389,0.6635,0.6718,7
adult,64,0.01,0.0,3e-05,0.97,1,0,20,1,3,mlp2,1,1,0,2000,0,18,200,XGB,sex,a_output,0,100,100,1,1,1.0,1,gauss_noise,0.0,1.0,0.05,both,output,0,0.0,0.005,0.05,0.05,0,10,0.3,5,0,res_s1_active_adult.csv,cuda,0.8393,0.8916,0.7222,0.5389,0.6635,0.6608,7
adult,64,0.01,0.0,3e-05,0.97,1,0,20,1,3,mlp2,1,1,0,2000,0,18,200,en-DT,sex,all,0,100,100,1,1,1.0,1,gauss_noise,0.0,1.0,0.05,both,output,0,0.0,0.005,0.05,0.05,0,10,0.3,5,0,res_s1_active_adult.csv,cuda,0.8393,0.8916,0.7222,0.5389,0.6635,0.7046,8
adult,64,0.01,0.0,3e-05,0.97,1,0,20,1,3,mlp2,1,1,0,2000,0,18,200,en-XGB,sex,all,0,100,100,1,1,1.0,1,gauss_noise,0.0,1.0,0.05,both,output,0,0.0,0.005,0.05,0.05,0,10,0.3,5,0,res_s1_active_adult.csv,cuda,0.8393,0.8916,0.7222,0.5389,0.6635,0.6912,28
adult,64,0.01,0.0,3e-05,0.97,1,0,20,2,3,mlp2,1,1,0,2000,0,18,200,DT,sex,b_grad,0,100,100,1,1,1.0,1,gauss_noise,0.0,1.0,0.05,both,output,0,0.0,0.005,0.05,0.05,0,10,0.3,5,0,res_s1_active_adult.csv,cuda,0.8401,0.8943,0.7219,0.5445,0.6635,0.6668,2
adult,64,0.01,0.0,3e-05,0.97,1,0,20,2,3,mlp2,1,1,0,2000,0,18,200,DT,sex,b_output,0,100,100,1,1,1.0,1,gauss_noise,0.0,1.0,0.05,both,output,0,0.0,0.005,0.05,0.05,0,10,0.3,5,0,res_s1_active_adult.csv,cuda,0.8401,0.8943,0.7219,0.5445,0.6635,0.6834,2
adult,64,0.01,0.0,3e-05,0.97,1,0,20,2,3,mlp2,1,1,0,2000,0,18,200,DT,sex,a_grad,0,100,100,1,1,1.0,1,gauss_noise,0.0,1.0,0.05,both,output,0,0.0,0.005,0.05,0.05,0,10,0.3,5,0,res_s1_active_adult.csv,cuda,0.8401,0.8943,0.7219,0.5445,0.6635,0.6718,2
adult,64,0.01,0.0,3e-05,0.97,1,0,20,2,3,mlp2,1,1,0,2000,0,18,200,DT,sex,a_output,0,100,100,1,1,1.0,1,gauss_noise,0.0,1.0,0.05,both,output,0,0.0,0.005,0.05,0.05,0,10,0.3,5,0,res_s1_active_adult.csv,cuda,0.8401,0.8943,0.7219,0.5445,0.6635,0.6568,2
adult,64,0.01,0.0,3e-05,0.97,1,0,20,2,3,mlp2,1,1,0,2000,0,18,200,XGB,sex,b_grad,0,100,100,1,1,1.0,1,gauss_noise,0.0,1.0,0.05,both,output,0,0.0,0.005,0.05,0.05,0,10,0.3,5,0,res_s1_active_adult.csv,cuda,0.8401,0.8943,0.7219,0.5445,0.6635,0.6561,7
adult,64,0.01,0.0,3e-05,0.97,1,0,20,2,3,mlp2,1,1,0,2000,0,18,200,XGB,sex,b_output,0,100,100,1,1,1.0,1,gauss_noise,0.0,1.0,0.05,both,output,0,0.0,0.005,0.05,0.05,0,10,0.3,5,0,res_s1_active_adult.csv,cuda,0.8401,0.8943,0.7219,0.5445,0.6635,0.6994,8
adult,64,0.01,0.0,3e-05,0.97,1,0,20,2,3,mlp2,1,1,0,2000,0,18,200,XGB,sex,a_grad,0,100,100,1,1,1.0,1,gauss_noise,0.0,1.0,0.05,both,output,0,0.0,0.005,0.05,0.05,0,10,0.3,5,0,res_s1_active_adult.csv,cuda,0.8401,0.8943,0.7219,0.5445,0.6635,0.6514,7
adult,64,0.01,0.0,3e-05,0.97,1,0,20,2,3,mlp2,1,1,0,2000,0,18,200,XGB,sex,a_output,0,100,100,1,1,1.0,1,gauss_noise,0.0,1.0,0.05,both,output,0,0.0,0.005,0.05,0.05,0,10,0.3,5,0,res_s1_active_adult.csv,cuda,0.8401,0.8943,0.7219,0.5445,0.6635,0.6578,7
adult,64,0.01,0.0,3e-05,0.97,1,0,20,2,3,mlp2,1,1,0,2000,0,18,200,en-DT,sex,all,0,100,100,1,1,1.0,1,gauss_noise,0.0,1.0,0.05,both,output,0,0.0,0.005,0.05,0.05,0,10,0.3,5,0,res_s1_active_adult.csv,cuda,0.8401,0.8943,0.7219,0.5445,0.6635,0.6762,8
adult,64,0.01,0.0,3e-05,0.97,1,0,20,2,3,mlp2,1,1,0,2000,0,18,200,en-XGB,sex,all,0,100,100,1,1,1.0,1,gauss_noise,0.0,1.0,0.05,both,output,0,0.0,0.005,0.05,0.05,0,10,0.3,5,0,res_s1_active_adult.csv,cuda,0.8401,0.8943,0.7219,0.5445,0.6635,0.6589,28
adult,64,0.01,0.0,3e-05,0.97,1,0,20,3,3,mlp2,1,1,0,2000,0,18,200,DT,sex,b_grad,0,100,100,1,1,1.0,1,gauss_noise,0.0,1.0,0.05,both,output,0,0.0,0.005,0.05,0.05,0,10,0.3,5,0,res_s1_active_adult.csv,cuda,0.8395,0.8943,0.7186,0.5461,0.6635,0.6761,3
adult,64,0.01,0.0,3e-05,0.97,1,0,20,3,3,mlp2,1,1,0,2000,0,18,200,DT,sex,b_output,0,100,100,1,1,1.0,1,gauss_noise,0.0,1.0,0.05,both,output,0,0.0,0.005,0.05,0.05,0,10,0.3,5,0,res_s1_active_adult.csv,cuda,0.8395,0.8943,0.7186,0.5461,0.6635,0.6381,2
adult,64,0.01,0.0,3e-05,0.97,1,0,20,3,3,mlp2,1,1,0,2000,0,18,200,DT,sex,a_grad,0,100,100,1,1,1.0,1,gauss_noise,0.0,1.0,0.05,both,output,0,0.0,0.005,0.05,0.05,0,10,0.3,5,0,res_s1_active_adult.csv,cuda,0.8395,0.8943,0.7186,0.5461,0.6635,0.6949,2
adult,64,0.01,0.0,3e-05,0.97,1,0,20,3,3,mlp2,1,1,0,2000,0,18,200,DT,sex,a_output,0,100,100,1,1,1.0,1,gauss_noise,0.0,1.0,0.05,both,output,0,0.0,0.005,0.05,0.05,0,10,0.3,5,0,res_s1_active_adult.csv,cuda,0.8395,0.8943,0.7186,0.5461,0.6635,0.6657,3
adult,64,0.01,0.0,3e-05,0.97,1,0,20,3,3,mlp2,1,1,0,2000,0,18,200,XGB,sex,b_grad,0,100,100,1,1,1.0,1,gauss_noise,0.0,1.0,0.05,both,output,0,0.0,0.005,0.05,0.05,0,10,0.3,5,0,res_s1_active_adult.csv,cuda,0.8395,0.8943,0.7186,0.5461,0.6635,0.6866,7
adult,64,0.01,0.0,3e-05,0.97,1,0,20,3,3,mlp2,1,1,0,2000,0,18,200,XGB,sex,b_output,0,100,100,1,1,1.0,1,gauss_noise,0.0,1.0,0.05,both,output,0,0.0,0.005,0.05,0.05,0,10,0.3,5,0,res_s1_active_adult.csv,cuda,0.8395,0.8943,0.7186,0.5461,0.6635,0.6847,8
adult,64,0.01,0.0,3e-05,0.97,1,0,20,3,3,mlp2,1,1,0,2000,0,18,200,XGB,sex,a_grad,0,100,100,1,1,1.0,1,gauss_noise,0.0,1.0,0.05,both,output,0,0.0,0.005,0.05,0.05,0,10,0.3,5,0,res_s1_active_adult.csv,cuda,0.8395,0.8943,0.7186,0.5461,0.6635,0.6892,7
adult,64,0.01,0.0,3e-05,0.97,1,0,20,3,3,mlp2,1,1,0,2000,0,18,200,XGB,sex,a_output,0,100,100,1,1,1.0,1,gauss_noise,0.0,1.0,0.05,both,output,0,0.0,0.005,0.05,0.05,0,10,0.3,5,0,res_s1_active_adult.csv,cuda,0.8395,0.8943,0.7186,0.5461,0.6635,0.6613,8
adult,64,0.01,0.0,3e-05,0.97,1,0,20,3,3,mlp2,1,1,0,2000,0,18,200,en-DT,sex,all,0,100,100,1,1,1.0,1,gauss_noise,0.0,1.0,0.05,both,output,0,0.0,0.005,0.05,0.05,0,10,0.3,5,0,res_s1_active_adult.csv,cuda,0.8395,0.8943,0.7186,0.5461,0.6635,0.6611,12
adult,64,0.01,0.0,3e-05,0.97,1,0,20,3,3,mlp2,1,1,0,2000,0,18,200,en-XGB,sex,all,0,100,100,1,1,1.0,1,gauss_noise,0.0,1.0,0.05,both,output,0,0.0,0.005,0.05,0.05,0,10,0.3,5,0,res_s1_active_adult.csv,cuda,0.8395,0.8943,0.7186,0.5461,0.6635,0.6734,28
adult,64,0.01,0.0,3e-05,0.97,1,0,20,4,3,mlp2,1,1,0,2000,0,18,200,DT,sex,b_grad,0,100,100,1,1,1.0,1,gauss_noise,0.0,1.0,0.05,both,output,0,0.0,0.005,0.05,0.05,0,10,0.3,5,0,res_s1_active_adult.csv,cuda,0.8377,0.8904,0.7084,0.5520,0.6635,0.6784,2
adult,64,0.01,0.0,3e-05,0.97,1,0,20,4,3,mlp2,1,1,0,2000,0,18,200,DT,sex,b_output,0,100,100,1,1,1.0,1,gauss_noise,0.0,1.0,0.05,both,output,0,0.0,0.005,0.05,0.05,0,10,0.3,5,0,res_s1_active_adult.csv,cuda,0.8377,0.8904,0.7084,0.5520,0.6635,0.6642,3
adult,64,0.01,0.0,3e-05,0.97,1,0,20,4,3,mlp2,1,1,0,2000,0,18,200,DT,sex,a_grad,0,100,100,1,1,1.0,1,gauss_noise,0.0,1.0,0.05,both,output,0,0.0,0.005,0.05,0.05,0,10,0.3,5,0,res_s1_active_adult.csv,cuda,0.8377,0.8904,0.7084,0.5520,0.6635,0.6749,3
adult,64,0.01,0.0,3e-05,0.97,1,0,20,4,3,mlp2,1,1,0,2000,0,18,200,DT,sex,a_output,0,100,100,1,1,1.0,1,gauss_noise,0.0,1.0,0.05,both,output,0,0.0,0.005,0.05,0.05,0,10,0.3,5,0,res_s1_active_adult.csv,cuda,0.8377,0.8904,0.7084,0.5520,0.6635,0.6611,2
adult,64,0.01,0.0,3e-05,0.97,1,0,20,4,3,mlp2,1,1,0,2000,0,18,200,XGB,sex,b_grad,0,100,100,1,1,1.0,1,gauss_noise,0.0,1.0,0.05,both,output,0,0.0,0.005,0.05,0.05,0,10,0.3,5,0,res_s1_active_adult.csv,cuda,0.8377,0.8904,0.7084,0.5520,0.6635,0.6554,7
adult,64,0.01,0.0,3e-05,0.97,1,0,20,4,3,mlp2,1,1,0,2000,0,18,200,XGB,sex,b_output,0,100,100,1,1,1.0,1,gauss_noise,0.0,1.0,0.05,both,output,0,0.0,0.005,0.05,0.05,0,10,0.3,5,0,res_s1_active_adult.csv,cuda,0.8377,0.8904,0.7084,0.5520,0.6635,0.6727,7
adult,64,0.01,0.0,3e-05,0.97,1,0,20,4,3,mlp2,1,1,0,2000,0,18,200,XGB,sex,a_grad,0,100,100,1,1,1.0,1,gauss_noise,0.0,1.0,0.05,both,output,0,0.0,0.005,0.05,0.05,0,10,0.3,5,0,res_s1_active_adult.csv,cuda,0.8377,0.8904,0.7084,0.5520,0.6635,0.6623,7
adult,64,0.01,0.0,3e-05,0.97,1,0,20,4,3,mlp2,1,1,0,2000,0,18,200,XGB,sex,a_output,0,100,100,1,1,1.0,1,gauss_noise,0.0,1.0,0.05,both,output,0,0.0,0.005,0.05,0.05,0,10,0.3,5,0,res_s1_active_adult.csv,cuda,0.8377,0.8904,0.7084,0.5520,0.6635,0.6611,7
adult,64,0.01,0.0,3e-05,0.97,1,0,20,4,3,mlp2,1,1,0,2000,0,18,200,en-DT,sex,all,0,100,100,1,1,1.0,1,gauss_noise,0.0,1.0,0.05,both,output,0,0.0,0.005,0.05,0.05,0,10,0.3,5,0,res_s1_active_adult.csv,cuda,0.8377,0.8904,0.7084,0.5520,0.6635,0.6723,8
adult,64,0.01,0.0,3e-05,0.97,1,0,20,4,3,mlp2,1,1,0,2000,0,18,200,en-XGB,sex,all,0,100,100,1,1,1.0,1,gauss_noise,0.0,1.0,0.05,both,output,0,0.0,0.005,0.05,0.05,0,10,0.3,5,0,res_s1_active_adult.csv,cuda,0.8377,0.8904,0.7084,0.5520,0.6635,0.6687,28
adult,64,0.01,0.0,3e-05,0.97,1,0,20,0,3,mlp2,1,1,0,2000,0,18,200,DT,sex,b_grad,0,100,100,1,1,1.0,1,gauss_noise,0.0,1.0,0.2,victim_only,output,0,0.0,0.005,0.05,0.05,0,10,0.3,5,0,res_s1_active_adult.csv,cuda,0.8386,0.8865,0.7042,0.5664,0.6635,0.6631,3
adult,64,0.01,0.0,3e-05,0.97,1,0,20,0,3,mlp2,1,1,0,2000,0,18,200,DT,sex,b_output,0,100,100,1,1,1.0,1,gauss_noise,0.0,1.0,0.2,victim_only,output,0,0.0,0.005,0.05,0.05,0,10,0.3,5,0,res_s1_active_adult.csv,cuda,0.8386,0.8865,0.7042,0.5664,0.6635,0.6761,2
adult,64,0.01,0.0,3e-05,0.97,1,0,20,0,3,mlp2,1,1,0,2000,0,18,200,DT,sex,a_grad,0,100,100,1,1,1.0,1,gauss_noise,0.0,1.0,0.2,victim_only,output,0,0.0,0.005,0.05,0.05,0,10,0.3,5,0,res_s1_active_adult.csv,cuda,0.8386,0.8865,0.7042,0.5664,0.6635,0.6574,2
adult,64,0.01,0.0,3e-05,0.97,1,0,20,0,3,mlp2,1,1,0,2000,0,18,200,DT,sex,a_output,0,100,100,1,1,1.0,1,gauss_noise,0.0,1.0,0.2,victim_only,output,0,0.0,0.005,0.05,0.05,0,10,0.3,5,0,res_s1_active_adult.csv,cuda,0.8386,0.8865,0.7042,0.5664,0.6635,0.6621,2
adult,64,0.01,0.0,3e-05,0.97,1,0,20,0,3,mlp2,1,1,0,2000,0,18,200,XGB,sex,b_grad,0,100,100,1,1,1.0,1,gauss_noise,0.0,1.0,0.2,victim_only,output,0,0.0,0.005,0.05,0.05,0,10,0.3,5,0,res_s1_active_adult.csv,cuda,0.8386,0.8865,0.7042,0.5664,0.6635,0.6415,7
adult,64,0.01,0.0,3e-05,0.97,1,0,20,0,3,mlp2,1,1,0,2000,0,18,200,XGB,sex,b_output,0,100,100,1,1,1.0,1,gauss_noise,0.0,1.0,0.2,victim_only,output,0,0.0,0.005,0.05,0.05,0,10,0.3,5,0,res_s1_active_adult.csv,cuda,0.8386,0.8865,0.7042,0.5664,0.6635,0.6761,8
adult,64,0.01,0.0,3e-05,0.97,1,0,20,0,3,mlp2,1,1,0,2000,0,18,200,XGB,sex,a_grad,0,100,100,1,1,1.0,1,gauss_noise,0.0,1.0,0.2,victim_only,output,0,0.0,0.005,0.05,0.05,0,10,0.3,5,0,res_s1_active_adult.csv,cuda,0.8386,0.8865,0.7042,0.5664,0.6635,0.6543,7
adult,64,0.01,0.0,3e-05,0.97,1,0,20,0,3,mlp2,1,1,0,2000,0,18,200,XGB,sex,a_output,0,100,100,1,1,1.0,1,gauss_noise,0.0,1.0,0.2,victim_only,output,0,0.0,0.005,0.05,0.05,0,10,0.3,5,0,res_s1_active_adult.csv,cuda,0.8386,0.8865,0.7042,0.5664,0.6635,0.6604,7
adult,64,0.01,0.0,3e-05,0.97,1,0,20,0,3,mlp2,1,1,0,2000,0,18,200,en-DT,sex,all,0,100,100,1,1,1.0,1,gauss_noise,0.0,1.0,0.2,victim_only,output,0,0.0,0.005,0.05,0.05,0,10,0.3,5,0,res_s1_active_adult.csv,cuda,0.8386,0.8865,0.7042,0.5664,0.6635,0.6636,8
adult,64,0.01,0.0,3e-05,0.97,1,0,20,0,3,mlp2,1,1,0,2000,0,18,200,en-XGB,sex,all,0,100,100,1,1,1.0,1,gauss_noise,0.0,1.0,0.2,victim_only,output,0,0.0,0.005,0.05,0.05,0,10,0.3,5,0,res_s1_active_adult.csv,cuda,0.8386,0.8865,0.7042,0.5664,0.6635,0.6525,28
adult,64,0.01,0.0,3e-05,0.97,1,0,20,1,3,mlp2,1,1,0,2000,0,18,200,DT,sex,b_grad,0,100,100,1,1,1.0,1,gauss_noise,0.0,1.0,0.2,victim_only,output,0,0.0,0.005,0.05,0.05,0,10,0.3,5,0,res_s1_active_adult.csv,cuda,0.8368,0.8880,0.7133,0.5367,0.6635,0.6889,2
adult,64,0.01,0.0,3e-05,0.97,1,0,20,1,3,mlp2,1,1,0,2000,0,18,200,DT,sex,b_output,0,100,100,1,1,1.0,1,gauss_noise,0.0,1.0,0.2,victim_only,output,0,0.0,0.005,0.05,0.05,0,10,0.3,5,0,res_s1_active_adult.csv,cuda,0.8368,0.8880,0.7133,0.5367,0.6635,0.5590,2
adult,64,0.01,0.0,3e-05,0.97,1,0,20,1,3,mlp2,1,1,0,2000,0,18,200,DT,sex,a_grad,0,100,100,1,1,1.0,1,gauss_noise,0.0,1.0,0.2,victim_only,output,0,0.0,0.005,0.05,0.05,0,10,0.3,5,0,res_s1_active_adult.csv,cuda,0.8368,0.8880,0.7133,0.5367,0.6635,0.6883,2
adult,64,0.01,0.0,3e-05,0.97,1,0,20,1,3,mlp2,1,1,0,2000,0,18,200,DT,sex,a_output,0,100,100,1,1,1.0,1,gauss_noise,0.0,1.0,0.2,victim_only,output,0,0.0,0.005,0.05,0.05,0,10,0.3,5,0,res_s1_active_adult.csv,cuda,0.8368,0.8880,0.7133,0.5367,0.6635,0.6659,2
adult,64,0.01,0.0,3e-05,0.97,1,0,20,1,3,mlp2,1,1,0,2000,0,18,200,XGB,sex,b_grad,0,100,100,1,1,1.0,1,gauss_noise,0.0,1.0,0.2,victim_only,output,0,0.0,0.005,0.05,0.05,0,10,0.3,5,0,res_s1_active_adult.csv,cuda,0.8368,0.8880,0.7133,0.5367,0.6635,0.6747,7
adult,64,0.01,0.0,3e-05,0.97,1,0,20,1,3,mlp2,1,1,0,2000,0,18,200,XGB,sex,b_output,0,100,100,1,1,1.0,1,gauss_noise,0.0,1.0,0.2,victim_only,output,0,0.0,0.005,0.05,0.05,0,10,0.3,5,0,res_s1_active_adult.csv,cuda,0.8368,0.8880,0.7133,0.5367,0.6635,0.6146,8
adult,64,0.01,0.0,3e-05,0.97,1,0,20,1,3,mlp2,1,1,0,2000,0,18,200,XGB,sex,a_grad,0,100,100,1,1,1.0,1,gauss_noise,0.0,1.0,0.2,victim_only,output,0,0.0,0.005,0.05,0.05,0,10,0.3,5,0,res_s1_active_adult.csv,cuda,0.8368,0.8880,0.7133,0.5367,0.6635,0.6887,7
adult,64,0.01,0.0,3e-05,0.97,1,0,20,1,3,mlp2,1,1,0,2000,0,18,200,XGB,sex,a_output,0,100,100,1,1,1.0,1,gauss_noise,0.0,1.0,0.2,victim_only,output,0,0.0,0.005,0.05,0.05,0,10,0.3,5,0,res_s1_active_adult.csv,cuda,0.8368,0.8880,0.7133,0.5367,0.6635,0.6505,7
adult,64,0.01,0.0,3e-05,0.97,1,0,20,1,3,mlp2,1,1,0,2000,0,18,200,en-DT,sex,all,0,100,100,1,1,1.0,1,gauss_noise,0.0,1.0,0.2,victim_only,output,0,0.0,0.005,0.05,0.05,0,10,0.3,5,0,res_s1_active_adult.csv,cuda,0.8368,0.8880,0.7133,0.5367,0.6635,0.6571,8
adult,64,0.01,0.0,3e-05,0.97,1,0,20,1,3,mlp2,1,1,0,2000,0,18,200,en-XGB,sex,all,0,100,100,1,1,1.0,1,gauss_noise,0.0,1.0,0.2,victim_only,output,0,0.0,0.005,0.05,0.05,0,10,0.3,5,0,res_s1_active_adult.csv,cuda,0.8368,0.8880,0.7133,0.5367,0.6635,0.6811,28
adult,64,0.01,0.0,3e-05,0.97,1,0,20,2,3,mlp2,1,1,0,2000,0,18,200,DT,sex,b_grad,0,100,100,1,1,1.0,1,gauss_noise,0.0,1.0,0.2,victim_only,output,0,0.0,0.005,0.05,0.05,0,10,0.3,5,0,res_s1_active_adult.csv,cuda,0.8395,0.8915,0.7199,0.5439,0.6635,0.6599,2
adult,64,0.01,0.0,3e-05,0.97,1,0,20,2,3,mlp2,1,1,0,2000,0,18,200,DT,sex,b_output,0,100,100,1,1,1.0,1,gauss_noise,0.0,1.0,0.2,victim_only,output,0,0.0,0.005,0.05,0.05,0,10,0.3,5,0,res_s1_active_adult.csv,cuda,0.8395,0.8915,0.7199,0.5439,0.6635,0.6630,2
adult,64,0.01,0.0,3e-05,0.97,1,0,20,2,3,mlp2,1,1,0,2000,0,18,200,DT,sex,a_grad,0,100,100,1,1,1.0,1,gauss_noise,0.0,1.0,0.2,victim_only,output,0,0.0,0.005,0.05,0.05,0,10,0.3,5,0,res_s1_active_adult.csv,cuda,0.8395,0.8915,0.7199,0.5439,0.6635,0.6677,2
adult,64,0.01,0.0,3e-05,0.97,1,0,20,2,3,mlp2,1,1,0,2000,0,18,200,DT,sex,a_output,0,100,100,1,1,1.0,1,gauss_noise,0.0,1.0,0.2,victim_only,output,0,0.0,0.005,0.05,0.05,0,10,0.3,5,0,res_s1_active_adult.csv,cuda,0.8395,0.8915,0.7199,0.5439,0.6635,0.6754,2
adult,64,0.01,0.0,3e-05,0.97,1,0,20,2,3,mlp2,1,1,0,2000,0,18,200,XGB,sex,b_grad,0,100,100,1,1,1.0,1,gauss_noise,0.0,1.0,0.2,victim_only,output,0,0.0,0.005,0.05,0.05,0,10,0.3,5,0,res_s1_active_adult.csv,cuda,0.8395,0.8915,0.7199,0.5439,0.6635,0.6576,7
adult,64,0.01,0.0,3e-05,0.97,1,0,20,2,3,mlp2,1,1,0,2000,0,18,200,XGB,sex,b_output,0,100,100,1,1,1.0,1,gauss_noise,0.0,1.0,0.2,victim_only,output,0,0.0,0.005,0.05,0.05,0,10,0.3,5,0,res_s1_active_adult.csv,cuda,0.8395,0.8915,0.7199,0.5439,0.6635,0.6423,8
adult,64,0.01,0.0,3e-05,0.97,1,0,20,2,3,mlp2,1,1,0,2000,0,18,200,XGB,sex,a_grad,0,100,100,1,1,1.0,1,gauss_noise,0.0,1.0,0.2,victim_only,output,0,0.0,0.005,0.05,0.05,0,10,0.3,5,0,res_s1_active_adult.csv,cuda,0.8395,0.8915,0.7199,0.5439,0.6635,0.6545,7
adult,64,0.01,0.0,3e-05,0.97,1,0,20,2,3,mlp2,1,1,0,2000,0,18,200,XGB,sex,a_output,0,100,100,1,1,1.0,1,gauss_noise,0.0,1.0,0.2,victim_only,output,0,0.0,0.005,0.05,0.05,0,10,0.3,5,0,res_s1_active_adult.csv,cuda,0.8395,0.8915,0.7199,0.5439,0.6635,0.6510,7
adult,64,0.01,0.0,3e-05,0.97,1,0,20,2,3,mlp2,1,1,0,2000,0,18,200,en-DT,sex,all,0,100,100,1,1,1.0,1,gauss_noise,0.0,1.0,0.2,victim_only,output,0,0.0,0.005,0.05,0.05,0,10,0.3,5,0,res_s1_active_adult.csv,cuda,0.8395,0.8915,0.7199,0.5439,0.6635,0.6608,12
adult,64,0.01,0.0,3e-05,0.97,1,0,20,2,3,mlp2,1,1,0,2000,0,18,200,en-XGB,sex,all,0,100,100,1,1,1.0,1,gauss_noise,0.0,1.0,0.2,victim_only,output,0,0.0,0.005,0.05,0.05,0,10,0.3,5,0,res_s1_active_adult.csv,cuda,0.8395,0.8915,0.7199,0.5439,0.6635,0.6473,28
adult,64,0.01,0.0,3e-05,0.97,1,0,20,3,3,mlp2,1,1,0,2000,0,18,200,DT,sex,b_grad,0,100,100,1,1,1.0,1,gauss_noise,0.0,1.0,0.2,victim_only,output,0,0.0,0.005,0.05,0.05,0,10,0.3,5,0,res_s1_active_adult.csv,cuda,0.8378,0.8903,0.7175,0.5367,0.6635,0.6967,2
adult,64,0.01,0.0,3e-05,0.97,1,0,20,3,3,mlp2,1,1,0,2000,0,18,200,DT,sex,b_output,0,100,100,1,1,1.0,1,gauss_noise,0.0,1.0,0.2,victim_only,output,0,0.0,0.005,0.05,0.05,0,10,0.3,5,0,res_s1_active_adult.csv,cuda,0.8378,0.8903,0.7175,0.5367,0.6635,0.5868,2
adult,64,0.01,0.0,3e-05,0.97,1,0,20,3,3,mlp2,1,1,0,2000,0,18,200,DT,sex,a_grad,0,100,100,1,1,1.0,1,gauss_noise,0.0,1.0,0.2,victim_only,output,0,0.0,0.005,0.05,0.05,0,10,0.3,5,0,res_s1_active_adult.csv,cuda,0.8378,0.8903,0.7175,0.5367,0.6635,0.6821,2
adult,64,0.01,0.0,3e-05,0.97,1,0,20,3,3,mlp2,1,1,0,2000,0,18,200,DT,sex,a_output,0,100,100,1,1,1.0,1,gauss_noise,0.0,1.0,0.2,victim_only,output,0,0.0,0.005,0.05,0.05,0,10,0.3,5,0,res_s1_active_adult.csv,cuda,0.8378,0.8903,0.7175,0.5367,0.6635,0.7167,2
adult,64,0.01,0.0,3e-05,0.97,1,0,20,3,3,mlp2,1,1,0,2000,0,18,200,XGB,sex,b_grad,0,100,100,1,1,1.0,1,gauss_noise,0.0,1.0,0.2,victim_only,output,0,0.0,0.005,0.05,0.05,0,10,0.3,5,0,res_s1_active_adult.csv,cuda,0.8378,0.8903,0.7175,0.5367,0.6635,0.6861,7
adult,64,0.01,0.0,3e-05,0.97,1,0,20,3,3,mlp2,1,1,0,2000,0,18,200,XGB,sex,b_output,0,100,100,1,1,1.0,1,gauss_noise,0.0,1.0,0.2,victim_only,output,0,0.0,0.005,0.05,0.05,0,10,0.3,5,0,res_s1_active_adult.csv,cuda,0.8378,0.8903,0.7175,0.5367,0.6635,0.5859,8
adult,64,0.01,0.0,3e-05,0.97,1,0,20,3,3,mlp2,1,1,0,2000,0,18,200,XGB,sex,a_grad,0,100,100,1,1,1.0,1,gauss_noise,0.0,1.0,0.2,victim_only,output,0,0.0,0.005,0.05,0.05,0,10,0.3,5,0,res_s1_active_adult.csv,cuda,0.8378,0.8903,0.7175,0.5367,0.6635,0.6863,7
adult,64,0.01,0.0,3e-05,0.97,1,0,20,3,3,mlp2,1,1,0,2000,0,18,200,XGB,sex,a_output,0,100,100,1,1,1.0,1,gauss_noise,0.0,1.0,0.2,victim_only,output,0,0.0,0.005,0.05,0.05,0,10,0.3,5,0,res_s1_active_adult.csv,cuda,0.8378,0.8903,0.7175,0.5367,0.6635,0.6771,7
adult,64,0.01,0.0,3e-05,0.97,1,0,20,3,3,mlp2,1,1,0,2000,0,18,200,en-DT,sex,all,0,100,100,1,1,1.0,1,gauss_noise,0.0,1.0,0.2,victim_only,output,0,0.0,0.005,0.05,0.05,0,10,0.3,5,0,res_s1_active_adult.csv,cuda,0.8378,0.8903,0.7175,0.5367,0.6635,0.6568,8
adult,64,0.01,0.0,3e-05,0.97,1,0,20,3,3,mlp2,1,1,0,2000,0,18,200,en-XGB,sex,all,0,100,100,1,1,1.0,1,gauss_noise,0.0,1.0,0.2,victim_only,output,0,0.0,0.005,0.05,0.05,0,10,0.3,5,0,res_s1_active_adult.csv,cuda,0.8378,0.8903,0.7175,0.5367,0.6635,0.6530,28
adult,64,0.01,0.0,3e-05,0.97,1,0,20,4,3,mlp2,1,1,0,2000,0,18,200,DT,sex,b_grad,0,100,100,1,1,1.0,1,gauss_noise,0.0,1.0,0.2,victim_only,output,0,0.0,0.005,0.05,0.05,0,10,0.3,5,0,res_s1_active_adult.csv,cuda,0.8359,0.8880,0.6983,0.5592,0.6635,0.6724,2
adult,64,0.01,0.0,3e-05,0.97,1,0,20,4,3,mlp2,1,1,0,2000,0,18,200,DT,sex,b_output,0,100,100,1,1,1.0,1,gauss_noise,0.0,1.0,0.2,victim_only,output,0,0.0,0.005,0.05,0.05,0,10,0.3,5,0,res_s1_active_adult.csv,cuda,0.8359,0.8880,0.6983,0.5592,0.6635,0.6525,2
adult,64,0.01,0.0,3e-05,0.97,1,0,20,4,3,mlp2,1,1,0,2000,0,18,200,DT,sex,a_grad,0,100,100,1,1,1.0,1,gauss_noise,0.0,1.0,0.2,victim_only,output,0,0.0,0.005,0.05,0.05,0,10,0.3,5,0,res_s1_active_adult.csv,cuda,0.8359,0.8880,0.6983,0.5592,0.6635,0.6800,2
adult,64,0.01,0.0,3e-05,0.97,1,0,20,4,3,mlp2,1,1,0,2000,0,18,200,DT,sex,a_output,0,100,100,1,1,1.0,1,gauss_noise,0.0,1.0,0.2,victim_only,output,0,0.0,0.005,0.05,0.05,0,10,0.3,5,0,res_s1_active_adult.csv,cuda,0.8359,0.8880,0.6983,0.5592,0.6635,0.6618,2
adult,64,0.01,0.0,3e-05,0.97,1,0,20,4,3,mlp2,1,1,0,2000,0,18,200,XGB,sex,b_grad,0,100,100,1,1,1.0,1,gauss_noise,0.0,1.0,0.2,victim_only,output,0,0.0,0.005,0.05,0.05,0,10,0.3,5,0,res_s1_active_adult.csv,cuda,0.8359,0.8880,0.6983,0.5592,0.6635,0.6591,7
adult,64,0.01,0.0,3e-05,0.97,1,0,20,4,3,mlp2,1,1,0,2000,0,18,200,XGB,sex,b_output,0,100,100,1,1,1.0,1,gauss_noise,0.0,1.0,0.2,victim_only,output,0,0.0,0.005,0.05,0.05,0,10,0.3,5,0,res_s1_active_adult.csv,cuda,0.8359,0.8880,0.6983,0.5592,0.6635,0.6561,8
adult,64,0.01,0.0,3e-05,0.97,1,0,20,4,3,mlp2,1,1,0,2000,0,18,200,XGB,sex,a_grad,0,100,100,1,1,1.0,1,gauss_noise,0.0,1.0,0.2,victim_only,output,0,0.0,0.005,0.05,0.05,0,10,0.3,5,0,res_s1_active_adult.csv,cuda,0.8359,0.8880,0.6983,0.5592,0.6635,0.6800,7
adult,64,0.01,0.0,3e-05,0.97,1,0,20,4,3,mlp2,1,1,0,2000,0,18,200,XGB,sex,a_output,0,100,100,1,1,1.0,1,gauss_noise,0.0,1.0,0.2,victim_only,output,0,0.0,0.005,0.05,0.05,0,10,0.3,5,0,res_s1_active_adult.csv,cuda,0.8359,0.8880,0.6983,0.5592,0.6635,0.6591,6
adult,64,0.01,0.0,3e-05,0.97,1,0,20,4,3,mlp2,1,1,0,2000,0,18,200,en-DT,sex,all,0,100,100,1,1,1.0,1,gauss_noise,0.0,1.0,0.2,victim_only,output,0,0.0,0.005,0.05,0.05,0,10,0.3,5,0,res_s1_active_adult.csv,cuda,0.8359,0.8880,0.6983,0.5592,0.6635,0.6624,8
adult,64,0.01,0.0,3e-05,0.97,1,0,20,4,3,mlp2,1,1,0,2000,0,18,200,en-XGB,sex,all,0,100,100,1,1,1.0,1,gauss_noise,0.0,1.0,0.2,victim_only,output,0,0.0,0.005,0.05,0.05,0,10,0.3,5,0,res_s1_active_adult.csv,cuda,0.8359,0.8880,0.6983,0.5592,0.6635,0.6610,28
adult,64,0.01,0.0,3e-05,0.97,1,0,20,0,3,mlp2,1,1,0,2000,0,18,200,DT,sex,b_grad,0,100,100,1,1,1.0,1,withdraw,0.5,1.0,-1.0,victim_only,both,0,0.0,0.005,0.05,0.05,0,10,0.3,5,0,res_s1_active_adult.csv,cuda,0.8332,0.8819,0.6886,0.5592,0.4965,0.4772,2
adult,64,0.01,0.0,3e-05,0.97,1,0,20,0,3,mlp2,1,1,0,2000,0,18,200,DT,sex,b_output,0,100,100,1,1,1.0,1,withdraw,0.5,1.0,-1.0,victim_only,both,0,0.0,0.005,0.05,0.05,0,10,0.3,5,0,res_s1_active_adult.csv,cuda,0.8332,0.8819,0.6886,0.5592,0.4965,0.4443,2
adult,64,0.01,0.0,3e-05,0.97,1,0,20,0,3,mlp2,1,1,0,2000,0,18,200,DT,sex,a_grad,0,100,100,1,1,1.0,1,withdraw,0.5,1.0,-1.0,victim_only,both,0,0.0,0.005,0.05,0.05,0,10,0.3,5,0,res_s1_active_adult.csv,cuda,0.8332,0.8819,0.6886,0.5592,0.4965,0.4616,2
adult,64,0.01,0.0,3e-05,0.97,1,0,20,0,3,mlp2,1,1,0,2000,0,18,200,DT,sex,a_output,0,100,100,1,1,1.0,1,withdraw,0.5,1.0,-1.0,victim_only,both,0,0.0,0.005,0.05,0.05,0,10,0.3,5,0,res_s1_active_adult.csv,cuda,0.8332,0.8819,0.6886,0.5592,0.4965,0.4921,2
adult,64,0.01,0.0,3e-05,0.97,1,0,20,0,3,mlp2,1,1,0,2000,0,18,200,XGB,sex,b_grad,0,100,100,1,1,1.0,1,withdraw,0.5,1.0,-1.0,victim_only,both,0,0.0,0.005,0.05,0.05,0,10,0.3,5,0,res_s1_active_adult.csv,cuda,0.8332,0.8819,0.6886,0.5592,0.4965,0.4727,7
adult,64,0.01,0.0,3e-05,0.97,1,0,20,0,3,mlp2,1,1,0,2000,0,18,200,XGB,sex,b_output,0,100,100,1,1,1.0,1,withdraw,0.5,1.0,-1.0,victim_only,both,0,0.0,0.005,0.05,0.05,0,10,0.3,5,0,res_s1_active_adult.csv,cuda,0.8332,0.8819,0.6886,0.5592,0.4965,0.4602,7
adult,64,0.01,0.0,3e-05,0.97,1,0,20,0,3,mlp2,1,1,0,2000,0,18,200,XGB,sex,a_grad,0,100,100,1,1,1.0,1,withdraw,0.5,1.0,-1.0,victim_only,both,0,0.0,0.005,0.05,0.05,0,10,0.3,5,0,res_s1_active_adult.csv,cuda,0.8332,0.8819,0.6886,0.5592,0.4965,0.4599,7
adult,64,0.01,0.0,3e-05,0.97,1,0,20,0,3,mlp2,1,1,0,2000,0,18,200,XGB,sex,a_output,0,100,100,1,1,1.0,1,withdraw,0.5,1.0,-1.0,victim_only,both,0,0.0,0.005,0.05,0.05,0,10,0.3,5,0,res_s1_active_adult.csv,cuda,0.8332,0.8819,0.6886,0.5592,0.4965,0.4941,6
adult,64,0.01,0.0,3e-05,0.97,1,0,20,0,3,mlp2,1,1,0,2000,0,18,200,en-DT,sex,all,0,100,100,1,1,1.0,1,withdraw,0.5,1.0,-1.0,victim_only,both,0,0.0,0.005,0.05,0.05,0,10,0.3,5,0,res_s1_active_adult.csv,cuda,0.8332,0.8819,0.6886,0.5592,0.4965,0.4795,8
adult,64,0.01,0.0,3e-05,0.97,1,0,20,0,3,mlp2,1,1,0,2000,0,18,200,en-XGB,sex,all,0,100,100,1,1,1.0,1,withdraw,0.5,1.0,-1.0,victim_only,both,0,0.0,0.005,0.05,0.05,0,10,0.3,5,0,res_s1_active_adult.csv,cuda,0.8332,0.8819,0.6886,0.5592,0.4965,0.4758,28
adult,64,0.01,0.0,3e-05,0.97,1,0,20,1,3,mlp2,1,1,0,2000,0,18,200,DT,sex,b_grad,0,100,100,1,1,1.0,1,withdraw,0.5,1.0,-1.0,victim_only,both,0,0.0,0.005,0.05,0.05,0,10,0.3,5,0,res_s1_active_adult.csv,cuda,0.8256,0.8792,0.6518,0.5892,0.4965,0.4857,2
adult,64,0.01,0.0,3e-05,0.97,1,0,20,1,3,mlp2,1,1,0,2000,0,18,200,DT,sex,b_output,0,100,100,1,1,1.0,1,withdraw,0.5,1.0,-1.0,victim_only,both,0,0.0,0.005,0.05,0.05,0,10,0.3,5,0,res_s1_active_adult.csv,cuda,0.8256,0.8792,0.6518,0.5892,0.4965,0.5047,2
adult,64,0.01,0.0,3e-05,0.97,1,0,20,1,3,mlp2,1,1,0,2000,0,18,200,DT,sex,a_grad,0,100,100,1,1,1.0,1,withdraw,0.5,1.0,-1.0,victim_only,both,0,0.0,0.005,0.05,0.05,0,10,0.3,5,0,res_s1_active_adult.csv,cuda,0.8256,0.8792,0.6518,0.5892,0.4965,0.4860,2
adult,64,0.01,0.0,3e-05,0.97,1,0,20,1,3,mlp2,1,1,0,2000,0,18,200,DT,sex,a_output,0,100,100,1,1,1.0,1,withdraw,0.5,1.0,-1.0,victim_only,both,0,0.0,0.005,0.05,0.05,0,10,0.3,5,0,res_s1_active_adult.csv,cuda,0.8256,0.8792,0.6518,0.5892,0.4965,0.4980,2
adult,64,0.01,0.0,3e-05,0.97,1,0,20,1,3,mlp2,1,1,0,2000,0,18,200,XGB,sex,b_grad,0,100,100,1,1,1.0,1,withdraw,0.5,1.0,-1.0,victim_only,both,0,0.0,0.005,0.05,0.05,0,10,0.3,5,0,res_s1_active_adult.csv,cuda,0.8256,0.8792,0.6518,0.5892,0.4965,0.4851,7
adult,64,0.01,0.0,3e-05,0.97,1,0,20,1,3,mlp2,1,1,0,2000,0,18,200,XGB,sex,b_output,0,100,100,1,1,1.0,1,withdraw,0.5,1.0,-1.0,victim_only,both,0,0.0,0.005,0.05,0.05,0,10,0.3,5,0,res_s1_active_adult.csv,cuda,0.8256,0.8792,0.6518,0.5892,0.4965,0.4669,8
adult,64,0.01,0.0,3e-05,0.97,1,0,20,1,3,mlp2,1,1,0,2000,0,18,200,XGB,sex,a_grad,0,100,100,1,1,1.0,1,withdraw,0.5,1.0,-1.0,victim_only,both,0,0.0,0.005,0.05,0.05,0,10,0.3,5,0,res_s1_active_adult.csv,cuda,0.8256,0.8792,0.6518,0.5892,0.4965,0.4782,7
adult,64,0.01,0.0,3e-05,0.97,1,0,20,1,3,mlp2,1,1,0,2000,0,18,200,XGB,sex,a_output,0,100,100,1,1,1.0,1,withdraw,0.5,1.0,-1.0,victim_only,both,0,0.0,0.005,0.05,0.05,0,10,0.3,5,0,res_s1_active_adult.csv,cuda,0.8256,0.8792,0.6518,0.5892,0.4965,0.4803,6
adult,64,0.01,0.0,3e-05,0.97,1,0,20,1,3,mlp2,1,1,0,2000,0,18,200,en-DT,sex,all,0,100,100,1,1,1.0,1,withdraw,0.5,1.0,-1.0,victim_only,both,0,0.0,0.005,0.05,0.05,0,10,0.3,5,0,res_s1_active_adult.csv,cuda,0.8256,0.8792,0.6518,0.5892,0.4965,0.4945,8
adult,64,0.01,0.0,3e-05,0.97,1,0,20,1,3,mlp2,1,1,0,2000,0,18,200,en-XGB,sex,all,0,100,100,1,1,1.0,1,withdraw,0.5,1.0,-1.0,victim_only,both,0,0.0,0.005,0.05,0.05,0,10,0.3,5,0,res_s1_active_adult.csv,cuda,0.8256,0.8792,0.6518,0.5892,0.4965,0.4900,28
adult,64,0.01,0.0,3e-05,0.97,1,0,20,2,3,mlp2,1,1,0,2000,0,18,200,DT,sex,b_grad,0,100,100,1,1,1.0,1,withdraw,0.5,1.0,-1.0,victim_only,both,0,0.0,0.005,0.05,0.05,0,10,0.3,5,0,res_s1_active_adult.csv,cuda,0.8310,0.8844,0.6646,0.5996,0.4965,0.5110,2
adult,64,0.01,0.0,3e-05,0.97,1,0,20,2,3,mlp2,1,1,0,2000,0,18,200,DT,sex,b_output,0,100,100,1,1,1.0,1,withdraw,0.5,1.0,-1.0,victim_only,both,0,0.0,0.005,0.05,0.05,0,10,0.3,5,0,res_s1_active_adult.csv,cuda,0.8310,0.8844,0.6646,0.5996,0.4965,0.4795,2
adult,64,0.01,0.0,3e-05,0.97,1,0,20,2,3,mlp2,1,1,0,2000,0,18,200,DT,sex,a_grad,0,100,100,1,1,1.0,1,withdraw,0.5,1.0,-1.0,victim_only,both,0,0.0,0.005,0.05,0.05,0,10,0.3,5,0,res_s1_active_adult.csv,cuda,0.8310,0.8844,0.6646,0.5996,0.4965,0.4993,2
adult,64,0.01,0.0,3e-05,0.97,1,0,20,2,3,mlp2,1,1,0,2000,0,18,200,DT,sex,a_output,0,100,100,1,1,1.0,1,withdraw,0.5,1.0,-1.0,victim_only,both,0,0.0,0.005,0.05,0.05,0,10,0.3,5,0,res_s1_active_adult.csv,cuda,0.8310,0.8844,0.6646,0.5996,0.4965,0.4924,2
adult,64,0.01,0.0,3e-05,0.97,1,0,20,2,3,mlp2,1,1,0,2000,0,18,200,XGB,sex,b_grad,0,100,100,1,1,1.0,1,withdraw,0.5,1.0,-1.0,victim_only,both,0,0.0,0.005,0.05,0.05,0,10,0.3,5,0,res_s1_active_adult.csv,cuda,0.8310,0.8844,0.6646,0.5996,0.4965,0.4992,7
adult,64,0.01,0.0,3e-05,0.97,1,0,20,2,3,mlp2,1,1,0,2000,0,18,200,XGB,sex,b_output,0,100,100,1,1,1.0,1,withdraw,0.5,1.0,-1.0,victim_only,both,0,0.0,0.005,0.05,0.05,0,10,0.3,5,0,res_s1_active_adult.csv,cuda,0.8310,0.8844,0.6646,0.5996,0.4965,0.4831,7
adult,64,0.01,0.0,3e-05,0.97,1,0,20,2,3,mlp2,1,1,0,2000,0,18,200,XGB,sex,a_grad,0,100,100,1,1,1.0,1,withdraw,0.5,1.0,-1.0,victim_only,both,0,0.0,0.005,0.05,0.05,0,10,0.3,5,0,res_s1_active_adult.csv,cuda,0.8310,0.8844,0.6646,0.5996,0.4965,0.5073,7
adult,64,0.01,0.0,3e-05,0.97,1,0,20,2,3,mlp2,1,1,0,2000,0,18,200,XGB,sex,a_output,0,100,100,1,1,1.0,1,withdraw,0.5,1.0,-1.0,victim_only,both,0,0.0,0.005,0.05,0.05,0,10,0.3,5,0,res_s1_active_adult.csv,cuda,0.8310,0.8844,0.6646,0.5996,0.4965,0.4954,6
adult,64,0.01,0.0,3e-05,0.97,1,0,20,2,3,mlp2,1,1,0,2000,0,18,200,en-DT,sex,all,0,100,100,1,1,1.0,1,withdraw,0.5,1.0,-1.0,victim_only,both,0,0.0,0.005,0.05,0.05,0,10,0.3,5,0,res_s1_active_adult.csv,cuda,0.8310,0.8844,0.6646,0.5996,0.4965,0.4969,8
adult,64,0.01,0.0,3e-05,0.97,1,0,20,2,3,mlp2,1,1,0,2000,0,18,200,en-XGB,sex,all,0,100,100,1,1,1.0,1,withdraw,0.5,1.0,-1.0,victim_only,both,0,0.0,0.005,0.05,0.05,0,10,0.3,5,0,res_s1_active_adult.csv,cuda,0.8310,0.8844,0.6646,0.5996,0.4965,0.4924,28
adult,64,0.01,0.0,3e-05,0.97,1,0,20,3,3,mlp2,1,1,0,2000,0,18,200,DT,sex,b_grad,0,100,100,1,1,1.0,1,withdraw,0.5,1.0,-1.0,victim_only,both,0,0.0,0.005,0.05,0.05,0,10,0.3,5,0,res_s1_active_adult.csv,cuda,0.8315,0.8828,0.6660,0.6002,0.4965,0.5121,2
adult,64,0.01,0.0,3e-05,0.97,1,0,20,3,3,mlp2,1,1,0,2000,0,18,200,DT,sex,b_output,0,100,100,1,1,1.0,1,withdraw,0.5,1.0,-1.0,victim_only,both,0,0.0,0.005,0.05,0.05,0,10,0.3,5,0,res_s1_active_adult.csv,cuda,0.8315,0.8828,0.6660,0.6002,0.4965,0.5279,2
adult,64,0.01,0.0,3e-05,0.97,1,0,20,3,3,mlp2,1,1,0,2000,0,18,200,DT,sex,a_grad,0,100,100,1,1,1.0,1,withdraw,0.5,1.0,-1.0,victim_only,both,0,0.0,0.005,0.05,0.05,0,10,0.3,5,0,res_s1_active_adult.csv,cuda,0.8315,0.8828,0.6660,0.6002,0.4965,0.5095,2
adult,64,0.01,0.0,3e-05,0.97,1,0,20,3,3,mlp2,1,1,0,2000,0,18,200,DT,sex,a_output,0,100,100,1,1,1.0,1,withdraw,0.5,1.0,-1.0,victim_only,both,0,0.0,0.005,0.05,0.05,0,10,0.3,5,0,res_s1_active_adult.csv,cuda,0.8315,0.8828,0.6660,0.6002,0.4965,0.5173,2
adult,64,0.01,0.0,3e-05,0.97,1,0,20,3,3,mlp2,1,1,0,2000,0,18,200,XGB,sex,b_grad,0,100,100,1,1,1.0,1,withdraw,0.5,1.0,-1.0,victim_only,both,0,0.0,0.005,0.05,0.05,0,10,0.3,5,0,res_s1_active_adult.csv,cuda,0.8315,0.8828,0.6660,0.6002,0.4965,0.4844,7
adult,64,0.01,0.0,3e-05,0.97,1,0,20,3,3,mlp2,1,1,0,2000,0,18,200,XGB,sex,b_output,0,100,100,1,1,1.0,1,withdraw,0.5,1.0,-1.0,victim_only,both,0,0.0,0.005,0.05,0.05,0,10,0.3,5,0,res_s1_active_adult.csv,cuda,0.8315,0.8828,0.6660,0.6002,0.4965,0.5315,8
adult,64,0.01,0.0,3e-05,0.97,1,0,20,3,3,mlp2,1,1,0,2000,0,18,200,XGB,sex,a_grad,0,100,100,1,1,1.0,1,withdraw,0.5,1.0,-1.0,victim_only,both,0,0.0,0.005,0.05,0.05,0,10,0.3,5,0,res_s1_active_adult.csv,cuda,0.8315,0.8828,0.6660,0.6002,0.4965,0.4955,7
adult,64,0.01,0.0,3e-05,0.97,1,0,20,3,3,mlp2,1,1,0,2000,0,18,200,XGB,sex,a_output,0,100,100,1,1,1.0,1,withdraw,0.5,1.0,-1.0,victim_only,both,0,0.0,0.005,0.05,0.05,0,10,0.3,5,0,res_s1_active_adult.csv,cuda,0.8315,0.8828,0.6660,0.6002,0.4965,0.4944,6
adult,64,0.01,0.0,3e-05,0.97,1,0,20,3,3,mlp2,1,1,0,2000,0,18,200,en-DT,sex,all,0,100,100,1,1,1.0,1,withdraw,0.5,1.0,-1.0,victim_only,both,0,0.0,0.005,0.05,0.05,0,10,0.3,5,0,res_s1_active_adult.csv,cuda,0.8315,0.8828,0.6660,0.6002,0.4965,0.5032,8
adult,64,0.01,0.0,3e-05,0.97,1,0,20,3,3,mlp2,1,1,0,2000,0,18,200,en-XGB,sex,all,0,100,100,1,1,1.0,1,withdraw,0.5,1.0,-1.0,victim_only,both,0,0.0,0.005,0.05,0.05,0,10,0.3,5,0,res_s1_active_adult.csv,cuda,0.8315,0.8828,0.6660,0.6002,0.4965,0.5011,28
adult,64,0.01,0.0,3e-05,0.97,1,0,20,4,3,mlp2,1,1,0,2000,0,18,200,DT,sex,b_grad,0,100,100,1,1,1.0,1,withdraw,0.5,1.0,-1.0,victim_only,both,0,0.0,0.005,0.05,0.05,0,10,0.3,5,0,res_s1_active_adult.csv,cuda,0.8324,0.8770,0.6856,0.5595,0.4965,0.4861,2
adult,64,0.01,0.0,3e-05,0.97,1,0,20,4,3,mlp2,1,1,0,2000,0,18,200,DT,sex,b_output,0,100,100,1,1,1.0,1,withdraw,0.5,1.0,-1.0,victim_only,both,0,0.0,0.005,0.05,0.05,0,10,0.3,5,0,res_s1_active_adult.csv,cuda,0.8324,0.8770,0.6856,0.5595,0.4965,0.4977,2
adult,64,0.01,0.0,3e-05,0.97,1,0,20,4,3,mlp2,1,1,0,2000,0,18,200,DT,sex,a_grad,0,100,100,1,1,1.0,1,withdraw,0.5,1.0,-1.0,victim_only,both,0,0.0,0.005,0.05,0.05,0,10,0.3,5,0,res_s1_active_adult.csv,cuda,0.8324,0.8770,0.6856,0.5595,0.4965,0.4768,2
adult,64,0.01,0.0,3e-05,0.97,1,0,20,4,3,mlp2,1,1,0,2000,0,18,200,DT,sex,a_output,0,100,100,1,1,1.0,1,withdraw,0.5,1.0,-1.0,victim_only,both,0,0.0,0.005,0.05,0.05,0,10,0.3,5,0,res_s1_active_adult.csv,cuda,0.8324,0.8770,0.6856,0.5595,0.4965,0.5030,2
adult,64,0.01,0.0,3e-05,0.97,1,0,20,4,3,mlp2,1,1,0,2000,0,18,200,XGB,sex,b_grad,0,100,100,1,1,1.0,1,withdraw,0.5,1.0,-1.0,victim_only,both,0,0.0,0.005,0.05,0.05,0,10,0.3,5,0,res_s1_active_adult.csv,cuda,0.8324,0.8770,0.6856,0.5595,0.4965,0.4853,7
adult,64,0.01,0.0,3e-05,0.97,1,0,20,4,3,mlp2,1,1,0,2000,0,18,200,XGB,sex,b_output,0,100,100,1,1,1.0,1,withdraw,0.5,1.0,-1.0,victim_only,both,0,0.0,0.005,0.05,0.05,0,10,0.3,5,0,res_s1_active_adult.csv,cuda,0.8324,0.8770,0.6856,0.5595,0.4965,0.4744,7
adult,64,0.01,0.0,3e-05,0.97,1,0,20,4,3,mlp2,1,1,0,2000,0,18,200,XGB,sex,a_grad,0,100,100,1,1,1.0,1,withdraw,0.5,1.0,-1.0,victim_only,both,0,0.0,0.005,0.05,0.05,0,10,0.3,5,0,res_s1_active_adult.csv,cuda,0.8324,0.8770,0.6856,0.5595,0.4965,0.4761,7
adult,64,0.01,0.0,3e-05,0.97,1,0,20,4,3,mlp2,1,1,0,2000,0,18,200,XGB,sex,a_output,0,100,100,1,1,1.0,1,withdraw,0.5,1.0,-1.0,victim_only,both,0,0.0,0.005,0.05,0.05,0,10,0.3,5,0,res_s1_active_adult.csv,cuda,0.8324,0.8770,0.6856,0.5595,0.4965,0.5038,6
adult,64,0.01,0.0,3e-05,0.97,1,0,20,4,3,mlp2,1,1,0,2000,0,18,200,en-DT,sex,all,0,100,100,1,1,1.0,1,withdraw,0.5,1.0,-1.0,victim_only,both,0,0.0,0.005,0.05,0.05,0,10,0.3,5,0,res_s1_active_adult.csv,cuda,0.8324,0.8770,0.6856,0.5595,0.4965,0.4841,8
adult,64,0.01,0.0,3e-05,0.97,1,0,20,4,3,mlp2,1,1,0,2000,0,18,200,en-XGB,sex,all,0,100,100,1,1,1.0,1,withdraw,0.5,1.0,-1.0,victim_only,both,0,0.0,0.005,0.05,0.05,0,10,0.3,5,0,res_s1_active_adult.csv,cuda,0.8324,0.8770,0.6856,0.5595,0.4965,0.4940,28
adult,64,0.01,0.0,3e-05,0.97,1,0,20,0,3,mlp2,1,1,0,2000,0,18,200,DT,sex,b_grad,0,100,100,1,1,1.0,1,shuffle,0.5,1.0,-1.0,victim_only,both,0,0.0,0.005,0.05,0.05,0,10,0.3,5,0,res_s1_active_adult.csv,cuda,0.8290,0.8642,0.7106,0.4873,0.6635,0.6578,2
adult,64,0.01,0.0,3e-05,0.97,1,0,20,0,3,mlp2,1,1,0,2000,0,18,200,DT,sex,b_output,0,100,100,1,1,1.0,1,shuffle,0.5,1.0,-1.0,victim_only,both,0,0.0,0.005,0.05,0.05,0,10,0.3,5,0,res_s1_active_adult.csv,cuda,0.8290,0.8642,0.7106,0.4873,0.6635,0.7082,2
adult,64,0.01,0.0,3e-05,0.97,1,0,20,0,3,mlp2,1,1,0,2000,0,18,200,DT,sex,a_grad,0,100,100,1,1,1.0,1,shuffle,0.5,1.0,-1.0,victim_only,both,0,0.0,0.005,0.05,0.05,0,10,0.3,5,0,res_s1_active_adult.csv,cuda,0.8290,0.8642,0.7106,0.4873,0.6635,0.6546,2
adult,64,0.01,0.0,3e-05,0.97,1,0,20,0,3,mlp2,1,1,0,2000,0,18,200,DT,sex,a_output,0,100,100,1,1,1.0,1,shuffle,0.5,1.0,-1.0,victim_only,both,0,0.0,0.005,0.05,0.05,0,10,0.3,5,0,res_s1_active_adult.csv,cuda,0.8290,0.8642,0.7106,0.4873,0.6635,0.6715,2
adult,64,0.01,0.0,3e-05,0.97,1,0,20,0,3,mlp2,1,1,0,2000,0,18,200,XGB,sex,b_grad,0,100,100,1,1,1.0,1,shuffle,0.5,1.0,-1.0,victim_only,both,0,0.0,0.005,0.05,0.05,0,10,0.3,5,0,res_s1_active_adult.csv,cuda,0.8290,0.8642,0.7106,0.4873,0.6635,0.6455,7
adult,64,0.01,0.0,3e-05,0.97,1,0,20,0,3,mlp2,1,1,0,2000,0,18,200,XGB,sex,b_output,0,100,100,1,1,1.0,1,shuffle,0.5,1.0,-1.0,victim_only,both,0,0.0,0.005,0.05,0.05,0,10,0.3,5,0,res_s1_active_adult.csv,cuda,0.8290,0.8642,0.7106,0.4873,0.6635,0.7137,8
adult,64,0.01,0.0,3e-05,0.97,1,0,20,0,3,mlp2,1,1,0,2000,0,18,200,XGB,sex,a_grad,0,100,100,1,1,1.0,1,shuffle,0.5,1.0,-1.0,victim_only,both,0,0.0,0.005,0.05,0.05,0,10,0.3,5,0,res_s1_active_adult.csv,cuda,0.8290,0.8642,0.7106,0.4873,0.6635,0.6506,6
adult,64,0.01,0.0,3e-05,0.97,1,0,20,0,3,mlp2,1,1,0,2000,0,18,200,XGB,sex,a_output,0,100,100,1,1,1.0,1,shuffle,0.5,1.0,-1.0,victim_only,both,0,0.0,0.005,0.05,0.05,0,10,0.3,5,0,res_s1_active_adult.csv,cuda,0.8290,0.8642,0.7106,0.4873,0.6635,0.6708,6
adult,64,0.01,0.0,3e-05,0.97,1,0,20,0,3,mlp2,1,1,0,2000,0,18,200,en-DT,sex,all,0,100,100,1,1,1.0,1,shuffle,0.5,1.0,-1.0,victim_only,both,0,0.0,0.005,0.05,0.05,0,10,0.3,5,0,res_s1_active_adult.csv,cuda,0.8290,0.8642,0.7106,0.4873,0.6635,0.6861,8
adult,64,0.01,0.0,3e-05,0.97,1,0,20,0,3,mlp2,1,1,0,2000,0,18,200,en-XGB,sex,all,0,100,100,1,1,1.0,1,shuffle,0.5,1.0,-1.0,victim_only,both,0,0.0,0.005,0.05,0.05,0,10,0.3,5,0,res_s1_active_adult.csv,cuda,0.8290,0.8642,0.7106,0.4873,0.6635,0.6817,28
adult,64,0.01,0.0,3e-05,0.97,1,0,20,1,3,mlp2,1,1,0,2000,0,18,200,DT,sex,b_grad,0,100,100,1,1,1.0,1,shuffle,0.5,1.0,-1.0,victim_only,both,0,0.0,0.005,0.05,0.05,0,10,0.3,5,0,res_s1_active_adult.csv,cuda,0.8276,0.8686,0.7073,0.4827,0.6635,0.6759,2
adult,64,0.01,0.0,3e-05,0.97,1,0,20,1,3,mlp2,1,1,0,2000,0,18,200,DT,sex,b_output,0,100,100,1,1,1.0,1,shuffle,0.5,1.0,-1.0,victim_only,both,0,0.0,0.005,0.05,0.05,0,10,0.3,5,0,res_s1_active_adult.csv,cuda,0.8276,0.8686,0.7073,0.4827,0.6635,0.6118,3
adult,64,0.01,0.0,3e-05,0.97,1,0,20,1,3,mlp2,1,1,0,2000,0,18,200,DT,sex,a_grad,0,100,100,1,1,1.0,1,shuffle,0.5,1.0,-1.0,victim_only,both,0,0.0,0.005,0.05,0.05,0,10,0.3,5,0,res_s1_active_adult.csv,cuda,0.8276,0.8686,0.7073,0.4827,0.6635,0.6648,2
adult,64,0.01,0.0,3e-05,0.97,1,0,20,1,3,mlp2,1,1,0,2000,0,18,200,DT,sex,a_output,0,100,100,1,1,1.0,1,shuffle,0.5,1.0,-1.0,victim_only,both,0,0.0,0.005,0.05,0.05,0,10,0.3,5,0,res_s1_active_adult.csv,cuda,0.8276,0.8686,0.7073,0.4827,0.6635,0.6549,2
adult,64,0.01,0.0,3e-05,0.97,1,0,20,1,3,mlp2,1,1,0,2000,0,18,200,XGB,sex,b_grad,0,100,100,1,1,1.0,1,shuffle,0.5,1.0,-1.0,victim_only,both,0,0.0,0.005,0.05,0.05,0,10,0.3,5,0,res_s1_active_adult.csv,cuda,0.8276,0.8686,0.7073,0.4827,0.6635,0.6909,7
adult,64,0.01,0.0,3e-05,0.97,1,0,20,1,3,mlp2,1,1,0,2000,0,18,200,XGB,sex,b_output,0,100,100,1,1,1.0,1,shuffle,0.5,1.0,-1.0,victim_only,both,0,0.0,0.005,0.05,0.05,0,10,0.3,5,0,res_s1_active_adult.csv,cuda,0.8276,0.8686,0.7073,0.4827,0.6635,0.5877,8
adult,64,0.01,0.0,3e-05,0.97,1,0,20,1,3,mlp2,1,1,0,2000,0,18,200,XGB,sex,a_grad,0,100,100,1,1,1.0,1,shuffle,0.5,1.0,-1.0,victim_only,both,0,0.0,0.005,0.05,0.05,0,10,0.3,5,0,res_s1_active_adult.csv,cuda,0.8276,0.8686,0.7073,0.4827,0.6635,0.6811,6
adult,64,0.01,0.0,3e-05,0.97,1,0,20,1,3,mlp2,1,1,0,2000,0,18,200,XGB,sex,a_output,0,100,100,1,1,1.0,1,shuffle,0.5,1.0,-1.0,victim_only,both,0,0.0,0.005,0.05,0.05,0,10,0.3,5,0,res_s1_active_adult.csv,cuda,0.8276,0.8686,0.7073,0.4827,0.6635,0.6511,6
adult,64,0.01,0.0,3e-05,0.97,1,0,20,1,3,mlp2,1,1,0,2000,0,18,200,en-DT,sex,all,0,100,100,1,1,1.0,1,shuffle,0.5,1.0,-1.0,victim_only,both,0,0.0,0.005,0.05,0.05,0,10,0.3,5,0,res_s1_active_adult.csv,cuda,0.8276,0.8686,0.7073,0.4827,0.6635,0.6465,8
adult,64,0.01,0.0,3e-05,0.97,1,0,20,1,3,mlp2,1,1,0,2000,0,18,200,en-XGB,sex,all,0,100,100,1,1,1.0,1,shuffle,0.5,1.0,-1.0,victim_only,both,0,0.0,0.005,0.05,0.05,0,10,0.3,5,0,res_s1_active_adult.csv,cuda,0.8276,0.8686,0.7073,0.4827,0.6635,0.6481,28
adult,64,0.01,0.0,3e-05,0.97,1,0,20,2,3,mlp2,1,1,0,2000,0,18,200,DT,sex,b_grad,0,100,100,1,1,1.0,1,shuffle,0.5,1.0,-1.0,victim_only,both,0,0.0,0.005,0.05,0.05,0,10,0.3,5,0,res_s1_active_adult.csv,cuda,0.4943,0.8342,0.3176,0.9606,0.6635,0.6754,2
adult,64,0.01,0.0,3e-05,0.97,1,0,20,2,3,mlp2,1,1,0,2000,0,18,200,DT,sex,b_output,0,100,100,1,1,1.0,1,shuffle,0.5,1.0,-1.0,victim_only,both,0,0.0,0.005,0.05,0.05,0,10,0.3,5,0,res_s1_active_adult.csv,cuda,0.4943,0.8342,0.3176,0.9606,0.6635,0.5398,2
adult,64,0.01,0.0,3e-05,0.97,1,0,20,2,3,mlp2,1,1,0,2000,0,18,200,DT,sex,a_grad,0,100,100,1,1,1.0,1,shuffle,0.5,1.0,-1.0,victim_only,both,0,0.0,0.005,0.05,0.05,0,10,0.3,5,0,res_s1_active_adult.csv,cuda,0.4943,0.8342,0.3176,0.9606,0.6635,0.6799,2
adult,64,0.01,0.0,3e-05,0.97,1,0,20,2,3,mlp2,1,1,0,2000,0,18,200,DT,sex,a_output,0,100,100,1,1,1.0,1,shuffle,0.5,1.0,-1.0,victim_only,both,0,0.0,0.005,0.05,0.05,0,10,0.3,5,0,res_s1_active_adult.csv,cuda,0.4943,0.8342,0.3176,0.9606,0.6635,0.6763,2
adult,64,0.01,0.0,3e-05,0.97,1,0,20,2,3,mlp2,1,1,0,2000,0,18,200,XGB,sex,b_grad,0,100,100,1,1,1.0,1,shuffle,0.5,1.0,-1.0,victim_only,both,0,0.0,0.005,0.05,0.05,0,10,0.3,5,0,res_s1_active_adult.csv,cuda,0.4943,0.8342,0.3176,0.9606,0.6635,0.6574,7
adult,64,0.01,0.0,3e-05,0.97,1,0,20,2,3,mlp2,1,1,0,2000,0,18,200,XGB,sex,b_output,0,100,100,1,1,1.0,1,shuffle,0.5,1.0,-1.0,victim_only,both,0,0.0,0.005,0.05,0.05,0,10,0.3,5,0,res_s1_active_adult.csv,cuda,0.4943,0.8342,0.3176,0.9606,0.6635,0.6112,8
adult,64,0.01,0.0,3e-05,0.97,1,0,20,2,3,mlp2,1,1,0,2000,0,18,200,XGB,sex,a_grad,0,100,100,1,1,1.0,1,shuffle,0.5,1.0,-1.0,victim_only,both,0,0.0,0.005,0.05,0.05,0,10,0.3,5,0,res_s1_active_adult.csv,cuda,0.4943,0.8342,0.3176,0.9606,0.6635,0.6616,6
adult,64,0.01,0.0,3e-05,0.97,1,0,20,2,3,mlp2,1,1,0,2000,0,18,200,XGB,sex,a_output,0,100,100,1,1,1.0,1,shuffle,0.5,1.0,-1.0,victim_only,both,0,0.0,0.005,0.05,0.05,0,10,0.3,5,0,res_s1_active_adult.csv,cuda,0.4943,0.8342,0.3176,0.9606,0.6635,0.6631,7
adult,64,0.01,0.0,3e-05,0.97,1,0,20,2,3,mlp2,1,1,0,2000,0,18,200,en-DT,sex,all,0,100,100,1,1,1.0,1,shuffle,0.5,1.0,-1.0,victim_only,both,0,0.0,0.005,0.05,0.05,0,10,0.3,5,0,res_s1_active_adult.csv,cuda,0.4943,0.8342,0.3176,0.9606,0.6635,0.6481,8
adult,64,0.01,0.0,3e-05,0.97,1,0,20,2,3,mlp2,1,1,0,2000,0,18,200,en-XGB,sex,all,0,100,100,1,1,1.0,1,shuffle,0.5,1.0,-1.0,victim_only,both,0,0.0,0.005,0.05,0.05,0,10,0.3,5,0,res_s1_active_adult.csv,cuda,0.4943,0.8342,0.3176,0.9606,0.6635,0.6439,28
adult,64,0.01,0.0,3e-05,0.97,1,0,20,3,3,mlp2,1,1,0,2000,0,18,200,DT,sex,b_grad,0,100,100,1,1,1.0,1,shuffle,0.5,1.0,-1.0,victim_only,both,0,0.0,0.005,0.05,0.05,0,10,0.3,5,0,res_s1_active_adult.csv,cuda,0.8259,0.8730,0.7104,0.4655,0.6635,0.6798,2
adult,64,0.01,0.0,3e-05,0.97,1,0,20,3,3,mlp2,1,1,0,2000,0,18,200,DT,sex,b_output,0,100,100,1,1,1.0,1,shuffle,0.5,1.0,-1.0,victim_only,both,0,0.0,0.005,0.05,0.05,0,10,0.3,5,0,res_s1_active_adult.csv,cuda,0.8259,0.8730,0.7104,0.4655,0.6635,0.6420,2
adult,64,0.01,0.0,3e-05,0.97,1,0,20,3,3,mlp2,1,1,0,2000,0,18,200,DT,sex,a_grad,0,100,100,1,1,1.0,1,shuffle,0.5,1.0,-1.0,victim_only,both,0,0.0,0.005,0.05,0.05,0,10,0.3,5,0,res_s1_active_adult.csv,cuda,0.8259,0.8730,0.7104,0.4655,0.6635,0.6664,2
adult,64,0.01,0.0,3e-05,0.97,1,0,20,3,3,mlp2,1,1,0,2000,0,18,200,DT,sex,a_output,0,100,100,1,1,1.0,1,shuffle,0.5,1.0,-1.0,victim_only,both,0,0.0,0.005,0.05,0.05,0,10,0.3,5,0,res_s1_active_adult.csv,cuda,0.8259,0.8730,0.7104,0.4655,0.6635,0.6893,2
adult,64,0.01,0.0,3e-05,0.97,1,0,20,3,3,mlp2,1,1,0,2000,0,18,200,XGB,sex,b_grad,0,100,100,1,1,1.0,1,shuffle,0.5,1.0,-1.0,victim_only,both,0,0.0,0.005,0.05,0.05,0,10,0.3,5,0,res_s1_active_adult.csv,cuda,0.8259,0.8730,0.7104,0.4655,0.6635,0.6679,7
adult,64,0.01,0.0,3e-05,0.97,1,0,20,3,3,mlp2,1,1,0,2000,0,18,200,XGB,sex,b_output,0,100,100,1,1,1.0,1,shuffle,0.5,1.0,-1.0,victim_only,both,0,0.0,0.005,0.05,0.05,0,10,0.3,5,0,res_s1_active_adult.csv,cuda,0.8259,0.8730,0.7104,0.4655,0.6635,0.6206,8
adult,64,0.01,0.0,3e-05,0.97,1,0,20,3,3,mlp2,1,1,0,2000,0,18,200,XGB,sex,a_grad,0,100,100,1,1,1.0,1,shuffle,0.5,1.0,-1.0,victim_only,both,0,0.0,0.005,0.05,0.05,0,10,0.3,5,0,res_s1_active_adult.csv,cuda,0.8259,0.8730,0.7104,0.4655,0.6635,0.6762,6
adult,64,0.01,0.0,3e-05,0.97,1,0,20,3,3,mlp2,1,1,0,2000,0,18,200,XGB,sex,a_output,0,100,100,1,1,1.0,1,shuffle,0.5,1.0,-1.0,victim_only,both,0,0.0,0.005,0.05,0.05,0,10,0.3,5,0,res_s1_active_adult.csv,cuda,0.8259,0.8730,0.7104,0.4655,0.6635,0.6935,7
adult,64,0.01,0.0,3e-05,0.97,1,0,20,3,3,mlp2,1,1,0,2000,0,18,200,en-DT,sex,all,0,100,100,1,1,1.0,1,shuffle,0.5,1.0,-1.0,victim_only,both,0,0.0,0.005,0.05,0.05,0,10,0.3,5,0,res_s1_active_adult.csv,cuda,0.8259,0.8730,0.7104,0.4655,0.6635,0.6690,8
adult,64,0.01,0.0,3e-05,0.97,1,0,20,3,3,mlp2,1,1,0,2000,0,18,200,en-XGB,sex,all,0,100,100,1,1,1.0,1,shuffle,0.5,1.0,-1.0,victim_only,both,0,0.0,0.005,0.05,0.05,0,10,0.3,5,0,res_s1_active_adult.csv,cuda,0.8259,0.8730,0.7104,0.4655,0.6635,0.6680,28
adult,64,0.01,0.0,3e-05,0.97,1,0,20,4,3,mlp2,1,1,0,2000,0,18,200,DT,sex,b_grad,0,100,100,1,1,1.0,1,shuffle,0.5,1.0,-1.0,victim_only,both,0,0.0,0.005,0.05,0.05,0,10,0.3,5,0,res_s1_active_adult.csv,cuda,0.8269,0.8606,0.6911,0.5064,0.6635,0.6620,2
adult,64,0.01,0.0,3e-05,0.97,1,0,20,4,3,mlp2,1,1,0,2000,0,18,200,DT,sex,b_output,0,100,100,1,1,1.0,1,shuffle,0.5,1.0,-1.0,victim_only,both,0,0.0,0.005,0.05,0.05,0,10,0.3,5,0,res_s1_active_adult.csv,cuda,0.8269,0.8606,0.6911,0.5064,0.6635,0.6480,2
adult,64,0.01,0.0,3e-05,0.97,1,0,20,4,3,mlp2,1,1,0,2000,0,18,200,DT,sex,a_grad,0,100,100,1,1,1.0,1,shuffle,0.5,1.0,-1.0,victim_only,both,0,0.0,0.005,0.05,0.05,0,10,0.3,5,0,res_s1_active_adult.csv,cuda,0.8269,0.8606,0.6911,0.5064,0.6635,0.6589,2
adult,64,0.01,0.0,3e-05,0.97,1,0,20,4,3,mlp2,1,1,0,2000,0,18,200,DT,sex,a_output,0,100,100,1,1,1.0,1,shuffle,0.5,1.0,-1.0,victim_only,both,0,0.0,0.005,0.05,0.05,0,10,0.3,5,0,res_s1_active_adult.csv,cuda,0.8269,0.8606,0.6911,0.5064,0.6635,0.6673,2
adult,64,0.01,0.0,3e-05,0.97,1,0,20,4,3,mlp2,1,1,0,2000,0,18,200,XGB,sex,b_grad,0,100,100,1,1,1.0,1,shuffle,0.5,1.0,-1.0,victim_only,both,0,0.0,0.005,0.05,0.05,0,10,0.3,5,0,res_s1_active_adult.csv,cuda,0.8269,0.8606,0.6911,0.5064,0.6635,0.6381,7
adult,64,0.01,0.0,3e-05,0.97,1,0,20,4,3,mlp2,1,1,0,2000,0,18,200,XGB,sex,b_output,0,100,100,1,1,1.0,1,shuffle,0.5,1.0,-1.0,victim_only,both,0,0.0,0.005,0.05,0.05,0,10,0.3,5,0,res_s1_active_adult.csv,cuda,0.8269,0.8606,0.6911,0.5064,0.6635,0.6349,8
adult,64,0.01,0.0,3e-05,0.97,1,0,20,4,3,mlp2,1,1,0,2000,0,18,200,XGB,sex,a_grad,0,100,100,1,1,1.0,1,shuffle,0.5,1.0,-1.0,victim_only,both,0,0.0,0.005,0.05,0.05,0,10,0.3,5,0,res_s1_active_adult.csv,cuda,0.8269,0.8606,0.6911,0.5064,0.6635,0.6636,6
adult,64,0.01,0.0,3e-05,0.97,1,0,20,4,3,mlp2,1,1,0,2000,0,18,200,XGB,sex,a_output,0,100,100,1,1,1.0,1,shuffle,0.5,1.0,-1.0,victim_only,both,0,0.0,0.005,0.05,0.05,0,10,0.3,5,0,res_s1_active_adult.csv,cuda,0.8269,0.8606,0.6911,0.5064,0.6635,0.6679,6
adult,64,0.01,0.0,3e-05,0.97,1,0,20,4,3,mlp2,1,1,0,2000,0,18,200,en-DT,sex,all,0,100,100,1,1,1.0,1,shuffle,0.5,1.0,-1.0,victim_only,both,0,0.0,0.005,0.05,0.05,0,10,0.3,5,0,res_s1_active_adult.csv,cuda,0.8269,0.8606,0.6911,0.5064,0.6635,0.6585,8
adult,64,0.01,0.0,3e-05,0.97,1,0,20,4,3,mlp2,1,1,0,2000,0,18,200,en-XGB,sex,all,0,100,100,1,1,1.0,1,shuffle,0.5,1.0,-1.0,victim_only,both,0,0.0,0.005,0.05,0.05,0,10,0.3,5,0,res_s1_active_adult.csv,cuda,0.8269,0.8606,0.6911,0.5064,0.6635,0.6535,28
