dataset,batch_size,learning_rate,momentum,weight_decay,gamma,decay_period,gpu,epochs,seed,k,model,use_project_head,norm_type,save_feat,sampling_size,select_size,attack_epoch,interpolate,classifier,property,attack_feat,begin_range,end_range,target_num,defense,d_para,d_para2,out_para,defend_scope,defend_side,adaptive_noise,norm_threshold,sigma_low,sigma_high,sigma_alpha,curriculum,warmup_epochs,val_ratio,aligned,n_seeds,log_norms,out_csv,device,accuracy,auc,precision,recall,gnd_frac,pred_frac,used_time
adult,64,0.01,0.0,3e-05,0.97,1,0,20,0,3,mlp2,1,1,0,2000,0,18,200,XGB,sex,b_grad,0,100,100,withdraw,0.2,1.0,-1.0,victim_only,both,0,0.0,0.005,0.05,0.05,0,10,0.3,1,5,0,res_s1_adult.csv,cuda,0.8400,0.8976,0.6760,0.6424,0.6121,0.6117,8
adult,64,0.01,0.0,3e-05,0.97,1,0,20,0,3,mlp2,1,1,0,2000,0,18,200,XGB,sex,b_output,0,100,100,withdraw,0.2,1.0,-1.0,victim_only,both,0,0.0,0.005,0.05,0.05,0,10,0.3,1,5,0,res_s1_adult.csv,cuda,0.8400,0.8976,0.6760,0.6424,0.6121,0.5970,7
adult,64,0.01,0.0,3e-05,0.97,1,0,20,0,3,mlp2,1,1,0,2000,0,18,200,XGB,sex,a_grad,0,100,100,withdraw,0.2,1.0,-1.0,victim_only,both,0,0.0,0.005,0.05,0.05,0,10,0.3,1,5,0,res_s1_adult.csv,cuda,0.8400,0.8976,0.6760,0.6424,0.6121,0.6003,7
adult,64,0.01,0.0,3e-05,0.97,1,0,20,0,3,mlp2,1,1,0,2000,0,18,200,XGB,sex,a_output,0,100,100,withdraw,0.2,1.0,-1.0,victim_only,both,0,0.0,0.005,0.05,0.05,0,10,0.3,1,5,0,res_s1_adult.csv,cuda,0.8400,0.8976,0.6760,0.6424,0.6121,0.6253,7
adult,64,0.01,0.0,3e-05,0.97,1,0,20,0,3,mlp2,1,1,0,2000,0,18,200,en-XGB,sex,all,0,100,100,withdraw,0.2,1.0,-1.0,victim_only,both,0,0.0,0.005,0.05,0.05,0,10,0.3,1,5,0,res_s1_adult.csv,cuda,0.8400,0.8976,0.6760,0.6424,0.6121,0.6141,32
adult,64,0.01,0.0,3e-05,0.97,1,0,20,1,3,mlp2,1,1,0,2000,0,18,200,XGB,sex,b_grad,0,100,100,withdraw,0.2,1.0,-1.0,victim_only,both,0,0.0,0.005,0.05,0.05,0,10,0.3,1,5,0,res_s1_adult.csv,cuda,0.8413,0.8999,0.6976,0.5999,0.6121,0.6492,8
adult,64,0.01,0.0,3e-05,0.97,1,0,20,1,3,mlp2,1,1,0,2000,0,18,200,XGB,sex,b_output,0,100,100,withdraw,0.2,1.0,-1.0,victim_only,both,0,0.0,0.005,0.05,0.05,0,10,0.3,1,5,0,res_s1_adult.csv,cuda,0.8413,0.8999,0.6976,0.5999,0.6121,0.6099,8
adult,64,0.01,0.0,3e-05,0.97,1,0,20,1,3,mlp2,1,1,0,2000,0,18,200,XGB,sex,a_grad,0,100,100,withdraw,0.2,1.0,-1.0,victim_only,both,0,0.0,0.005,0.05,0.05,0,10,0.3,1,5,0,res_s1_adult.csv,cuda,0.8413,0.8999,0.6976,0.5999,0.6121,0.6237,7
adult,64,0.01,0.0,3e-05,0.97,1,0,20,1,3,mlp2,1,1,0,2000,0,18,200,XGB,sex,a_output,0,100,100,withdraw,0.2,1.0,-1.0,victim_only,both,0,0.0,0.005,0.05,0.05,0,10,0.3,1,5,0,res_s1_adult.csv,cuda,0.8413,0.8999,0.6976,0.5999,0.6121,0.6256,6
adult,64,0.01,0.0,3e-05,0.97,1,0,20,1,3,mlp2,1,1,0,2000,0,18,200,en-XGB,sex,all,0,100,100,withdraw,0.2,1.0,-1.0,victim_only,both,0,0.0,0.005,0.05,0.05,0,10,0.3,1,5,0,res_s1_adult.csv,cuda,0.8413,0.8999,0.6976,0.5999,0.6121,0.6271,32
adult,64,0.01,0.0,3e-05,0.97,1,0,20,2,3,mlp2,1,1,0,2000,0,18,200,XGB,sex,b_grad,0,100,100,withdraw,0.2,1.0,-1.0,victim_only,both,0,0.0,0.005,0.05,0.05,0,10,0.3,1,5,0,res_s1_adult.csv,cuda,0.8423,0.8999,0.6925,0.6189,0.6121,0.5916,7
adult,64,0.01,0.0,3e-05,0.97,1,0,20,2,3,mlp2,1,1,0,2000,0,18,200,XGB,sex,b_output,0,100,100,withdraw,0.2,1.0,-1.0,victim_only,both,0,0.0,0.005,0.05,0.05,0,10,0.3,1,5,0,res_s1_adult.csv,cuda,0.8423,0.8999,0.6925,0.6189,0.6121,0.5498,8
adult,64,0.01,0.0,3e-05,0.97,1,0,20,2,3,mlp2,1,1,0,2000,0,18,200,XGB,sex,a_grad,0,100,100,withdraw,0.2,1.0,-1.0,victim_only,both,0,0.0,0.005,0.05,0.05,0,10,0.3,1,5,0,res_s1_adult.csv,cuda,0.8423,0.8999,0.6925,0.6189,0.6121,0.6106,7
adult,64,0.01,0.0,3e-05,0.97,1,0,20,2,3,mlp2,1,1,0,2000,0,18,200,XGB,sex,a_output,0,100,100,withdraw,0.2,1.0,-1.0,victim_only,both,0,0.0,0.005,0.05,0.05,0,10,0.3,1,5,0,res_s1_adult.csv,cuda,0.8423,0.8999,0.6925,0.6189,0.6121,0.6626,7
adult,64,0.01,0.0,3e-05,0.97,1,0,20,2,3,mlp2,1,1,0,2000,0,18,200,en-XGB,sex,all,0,100,100,withdraw,0.2,1.0,-1.0,victim_only,both,0,0.0,0.005,0.05,0.05,0,10,0.3,1,5,0,res_s1_adult.csv,cuda,0.8423,0.8999,0.6925,0.6189,0.6121,0.6019,32
adult,64,0.01,0.0,3e-05,0.97,1,0,20,3,3,mlp2,1,1,0,2000,0,18,200,XGB,sex,b_grad,0,100,100,withdraw,0.2,1.0,-1.0,victim_only,both,0,0.0,0.005,0.05,0.05,0,10,0.3,1,5,0,res_s1_adult.csv,cuda,0.8430,0.9009,0.7109,0.5849,0.6121,0.5915,8
adult,64,0.01,0.0,3e-05,0.97,1,0,20,3,3,mlp2,1,1,0,2000,0,18,200,XGB,sex,b_output,0,100,100,withdraw,0.2,1.0,-1.0,victim_only,both,0,0.0,0.005,0.05,0.05,0,10,0.3,1,5,0,res_s1_adult.csv,cuda,0.8430,0.9009,0.7109,0.5849,0.6121,0.5463,8
adult,64,0.01,0.0,3e-05,0.97,1,0,20,3,3,mlp2,1,1,0,2000,0,18,200,XGB,sex,a_grad,0,100,100,withdraw,0.2,1.0,-1.0,victim_only,both,0,0.0,0.005,0.05,0.05,0,10,0.3,1,5,0,res_s1_adult.csv,cuda,0.8430,0.9009,0.7109,0.5849,0.6121,0.5790,7
adult,64,0.01,0.0,3e-05,0.97,1,0,20,3,3,mlp2,1,1,0,2000,0,18,200,XGB,sex,a_output,0,100,100,withdraw,0.2,1.0,-1.0,victim_only,both,0,0.0,0.005,0.05,0.05,0,10,0.3,1,5,0,res_s1_adult.csv,cuda,0.8430,0.9009,0.7109,0.5849,0.6121,0.6181,6
adult,64,0.01,0.0,3e-05,0.97,1,0,20,3,3,mlp2,1,1,0,2000,0,18,200,en-XGB,sex,all,0,100,100,withdraw,0.2,1.0,-1.0,victim_only,both,0,0.0,0.005,0.05,0.05,0,10,0.3,1,5,0,res_s1_adult.csv,cuda,0.8430,0.9009,0.7109,0.5849,0.6121,0.5952,32
adult,64,0.01,0.0,3e-05,0.97,1,0,20,4,3,mlp2,1,1,0,2000,0,18,200,XGB,sex,b_grad,0,100,100,withdraw,0.2,1.0,-1.0,victim_only,both,0,0.0,0.005,0.05,0.05,0,10,0.3,1,5,0,res_s1_adult.csv,cuda,0.8415,0.8990,0.6829,0.6361,0.6121,0.6071,7
adult,64,0.01,0.0,3e-05,0.97,1,0,20,4,3,mlp2,1,1,0,2000,0,18,200,XGB,sex,b_output,0,100,100,withdraw,0.2,1.0,-1.0,victim_only,both,0,0.0,0.005,0.05,0.05,0,10,0.3,1,5,0,res_s1_adult.csv,cuda,0.8415,0.8990,0.6829,0.6361,0.6121,0.6157,7
adult,64,0.01,0.0,3e-05,0.97,1,0,20,4,3,mlp2,1,1,0,2000,0,18,200,XGB,sex,a_grad,0,100,100,withdraw,0.2,1.0,-1.0,victim_only,both,0,0.0,0.005,0.05,0.05,0,10,0.3,1,5,0,res_s1_adult.csv,cuda,0.8415,0.8990,0.6829,0.6361,0.6121,0.5949,7
adult,64,0.01,0.0,3e-05,0.97,1,0,20,4,3,mlp2,1,1,0,2000,0,18,200,XGB,sex,a_output,0,100,100,withdraw,0.2,1.0,-1.0,victim_only,both,0,0.0,0.005,0.05,0.05,0,10,0.3,1,5,0,res_s1_adult.csv,cuda,0.8415,0.8990,0.6829,0.6361,0.6121,0.6072,6
adult,64,0.01,0.0,3e-05,0.97,1,0,20,4,3,mlp2,1,1,0,2000,0,18,200,en-XGB,sex,all,0,100,100,withdraw,0.2,1.0,-1.0,victim_only,both,0,0.0,0.005,0.05,0.05,0,10,0.3,1,5,0,res_s1_adult.csv,cuda,0.8415,0.8990,0.6829,0.6361,0.6121,0.6026,32
adult,64,0.01,0.0,3e-05,0.97,1,0,20,0,3,mlp2,1,1,0,2000,0,18,200,XGB,sex,b_grad,0,100,100,withdraw,0.5,1.0,-1.0,victim_only,both,0,0.0,0.005,0.05,0.05,0,10,0.3,1,5,0,res_s1_adult.csv,cuda,0.8362,0.8948,0.6634,0.6468,0.4965,0.4395,7
adult,64,0.01,0.0,3e-05,0.97,1,0,20,0,3,mlp2,1,1,0,2000,0,18,200,XGB,sex,b_output,0,100,100,withdraw,0.5,1.0,-1.0,victim_only,both,0,0.0,0.005,0.05,0.05,0,10,0.3,1,5,0,res_s1_adult.csv,cuda,0.8362,0.8948,0.6634,0.6468,0.4965,0.4502,7
adult,64,0.01,0.0,3e-05,0.97,1,0,20,0,3,mlp2,1,1,0,2000,0,18,200,XGB,sex,a_grad,0,100,100,withdraw,0.5,1.0,-1.0,victim_only,both,0,0.0,0.005,0.05,0.05,0,10,0.3,1,5,0,res_s1_adult.csv,cuda,0.8362,0.8948,0.6634,0.6468,0.4965,0.4409,7
adult,64,0.01,0.0,3e-05,0.97,1,0,20,0,3,mlp2,1,1,0,2000,0,18,200,XGB,sex,a_output,0,100,100,withdraw,0.5,1.0,-1.0,victim_only,both,0,0.0,0.005,0.05,0.05,0,10,0.3,1,5,0,res_s1_adult.csv,cuda,0.8362,0.8948,0.6634,0.6468,0.4965,0.4994,6
adult,64,0.01,0.0,3e-05,0.97,1,0,20,0,3,mlp2,1,1,0,2000,0,18,200,en-XGB,sex,all,0,100,100,withdraw,0.5,1.0,-1.0,victim_only,both,0,0.0,0.005,0.05,0.05,0,10,0.3,1,5,0,res_s1_adult.csv,cuda,0.8362,0.8948,0.6634,0.6468,0.4965,0.4686,32
adult,64,0.01,0.0,3e-05,0.97,1,0,20,1,3,mlp2,1,1,0,2000,0,18,200,XGB,sex,b_grad,0,100,100,withdraw,0.5,1.0,-1.0,victim_only,both,0,0.0,0.005,0.05,0.05,0,10,0.3,1,5,0,res_s1_adult.csv,cuda,0.8382,0.8964,0.6818,0.6130,0.4965,0.4825,7
adult,64,0.01,0.0,3e-05,0.97,1,0,20,1,3,mlp2,1,1,0,2000,0,18,200,XGB,sex,b_output,0,100,100,withdraw,0.5,1.0,-1.0,victim_only,both,0,0.0,0.005,0.05,0.05,0,10,0.3,1,5,0,res_s1_adult.csv,cuda,0.8382,0.8964,0.6818,0.6130,0.4965,0.4963,7
adult,64,0.01,0.0,3e-05,0.97,1,0,20,1,3,mlp2,1,1,0,2000,0,18,200,XGB,sex,a_grad,0,100,100,withdraw,0.5,1.0,-1.0,victim_only,both,0,0.0,0.005,0.05,0.05,0,10,0.3,1,5,0,res_s1_adult.csv,cuda,0.8382,0.8964,0.6818,0.6130,0.4965,0.4922,7
adult,64,0.01,0.0,3e-05,0.97,1,0,20,1,3,mlp2,1,1,0,2000,0,18,200,XGB,sex,a_output,0,100,100,withdraw,0.5,1.0,-1.0,victim_only,both,0,0.0,0.005,0.05,0.05,0,10,0.3,1,5,0,res_s1_adult.csv,cuda,0.8382,0.8964,0.6818,0.6130,0.4965,0.5017,6
adult,64,0.01,0.0,3e-05,0.97,1,0,20,1,3,mlp2,1,1,0,2000,0,18,200,en-XGB,sex,all,0,100,100,withdraw,0.5,1.0,-1.0,victim_only,both,0,0.0,0.005,0.05,0.05,0,10,0.3,1,5,0,res_s1_adult.csv,cuda,0.8382,0.8964,0.6818,0.6130,0.4965,0.4917,32
adult,64,0.01,0.0,3e-05,0.97,1,0,20,2,3,mlp2,1,1,0,2000,0,18,200,XGB,sex,b_grad,0,100,100,withdraw,0.5,1.0,-1.0,victim_only,both,0,0.0,0.005,0.05,0.05,0,10,0.3,1,5,0,res_s1_adult.csv,cuda,0.8393,0.8973,0.6836,0.6174,0.4965,0.4778,7
adult,64,0.01,0.0,3e-05,0.97,1,0,20,2,3,mlp2,1,1,0,2000,0,18,200,XGB,sex,b_output,0,100,100,withdraw,0.5,1.0,-1.0,victim_only,both,0,0.0,0.005,0.05,0.05,0,10,0.3,1,5,0,res_s1_adult.csv,cuda,0.8393,0.8973,0.6836,0.6174,0.4965,0.4701,8
adult,64,0.01,0.0,3e-05,0.97,1,0,20,2,3,mlp2,1,1,0,2000,0,18,200,XGB,sex,a_grad,0,100,100,withdraw,0.5,1.0,-1.0,victim_only,both,0,0.0,0.005,0.05,0.05,0,10,0.3,1,5,0,res_s1_adult.csv,cuda,0.8393,0.8973,0.6836,0.6174,0.4965,0.4939,7
adult,64,0.01,0.0,3e-05,0.97,1,0,20,2,3,mlp2,1,1,0,2000,0,18,200,XGB,sex,a_output,0,100,100,withdraw,0.5,1.0,-1.0,victim_only,both,0,0.0,0.005,0.05,0.05,0,10,0.3,1,5,0,res_s1_adult.csv,cuda,0.8393,0.8973,0.6836,0.6174,0.4965,0.4804,6
adult,64,0.01,0.0,3e-05,0.97,1,0,20,2,3,mlp2,1,1,0,2000,0,18,200,en-XGB,sex,all,0,100,100,withdraw,0.5,1.0,-1.0,victim_only,both,0,0.0,0.005,0.05,0.05,0,10,0.3,1,5,0,res_s1_adult.csv,cuda,0.8393,0.8973,0.6836,0.6174,0.4965,0.4848,28
adult,64,0.01,0.0,3e-05,0.97,1,0,20,3,3,mlp2,1,1,0,2000,0,18,200,XGB,sex,b_grad,0,100,100,withdraw,0.5,1.0,-1.0,victim_only,both,0,0.0,0.005,0.05,0.05,0,10,0.3,1,5,0,res_s1_adult.csv,cuda,0.8377,0.8973,0.6865,0.5983,0.4965,0.5191,7
adult,64,0.01,0.0,3e-05,0.97,1,0,20,3,3,mlp2,1,1,0,2000,0,18,200,XGB,sex,b_output,0,100,100,withdraw,0.5,1.0,-1.0,victim_only,both,0,0.0,0.005,0.05,0.05,0,10,0.3,1,5,0,res_s1_adult.csv,cuda,0.8377,0.8973,0.6865,0.5983,0.4965,0.5237,8
adult,64,0.01,0.0,3e-05,0.97,1,0,20,3,3,mlp2,1,1,0,2000,0,18,200,XGB,sex,a_grad,0,100,100,withdraw,0.5,1.0,-1.0,victim_only,both,0,0.0,0.005,0.05,0.05,0,10,0.3,1,5,0,res_s1_adult.csv,cuda,0.8377,0.8973,0.6865,0.5983,0.4965,0.4950,7
adult,64,0.01,0.0,3e-05,0.97,1,0,20,3,3,mlp2,1,1,0,2000,0,18,200,XGB,sex,a_output,0,100,100,withdraw,0.5,1.0,-1.0,victim_only,both,0,0.0,0.005,0.05,0.05,0,10,0.3,1,5,0,res_s1_adult.csv,cuda,0.8377,0.8973,0.6865,0.5983,0.4965,0.5036,6
adult,64,0.01,0.0,3e-05,0.97,1,0,20,3,3,mlp2,1,1,0,2000,0,18,200,en-XGB,sex,all,0,100,100,withdraw,0.5,1.0,-1.0,victim_only,both,0,0.0,0.005,0.05,0.05,0,10,0.3,1,5,0,res_s1_adult.csv,cuda,0.8377,0.8973,0.6865,0.5983,0.4965,0.5122,32
adult,64,0.01,0.0,3e-05,0.97,1,0,20,4,3,mlp2,1,1,0,2000,0,18,200,XGB,sex,b_grad,0,100,100,withdraw,0.5,1.0,-1.0,victim_only,both,0,0.0,0.005,0.05,0.05,0,10,0.3,1,5,0,res_s1_adult.csv,cuda,0.8371,0.8960,0.6700,0.6358,0.4965,0.4999,7
adult,64,0.01,0.0,3e-05,0.97,1,0,20,4,3,mlp2,1,1,0,2000,0,18,200,XGB,sex,b_output,0,100,100,withdraw,0.5,1.0,-1.0,victim_only,both,0,0.0,0.005,0.05,0.05,0,10,0.3,1,5,0,res_s1_adult.csv,cuda,0.8371,0.8960,0.6700,0.6358,0.4965,0.4782,7
adult,64,0.01,0.0,3e-05,0.97,1,0,20,4,3,mlp2,1,1,0,2000,0,18,200,XGB,sex,a_grad,0,100,100,withdraw,0.5,1.0,-1.0,victim_only,both,0,0.0,0.005,0.05,0.05,0,10,0.3,1,5,0,res_s1_adult.csv,cuda,0.8371,0.8960,0.6700,0.6358,0.4965,0.4970,7
adult,64,0.01,0.0,3e-05,0.97,1,0,20,4,3,mlp2,1,1,0,2000,0,18,200,XGB,sex,a_output,0,100,100,withdraw,0.5,1.0,-1.0,victim_only,both,0,0.0,0.005,0.05,0.05,0,10,0.3,1,5,0,res_s1_adult.csv,cuda,0.8371,0.8960,0.6700,0.6358,0.4965,0.5110,6
adult,64,0.01,0.0,3e-05,0.97,1,0,20,4,3,mlp2,1,1,0,2000,0,18,200,en-XGB,sex,all,0,100,100,withdraw,0.5,1.0,-1.0,victim_only,both,0,0.0,0.005,0.05,0.05,0,10,0.3,1,5,0,res_s1_adult.csv,cuda,0.8371,0.8960,0.6700,0.6358,0.4965,0.4904,32
adult,64,0.01,0.0,3e-05,0.97,1,0,20,0,3,mlp2,1,1,0,2000,0,18,200,XGB,sex,b_grad,0,100,100,shuffle,0.2,1.0,-1.0,victim_only,both,0,0.0,0.005,0.05,0.05,0,10,0.3,1,5,0,res_s1_adult.csv,cuda,0.8387,0.8926,0.7020,0.5721,0.6635,0.6448,7
adult,64,0.01,0.0,3e-05,0.97,1,0,20,0,3,mlp2,1,1,0,2000,0,18,200,XGB,sex,b_output,0,100,100,shuffle,0.2,1.0,-1.0,victim_only,both,0,0.0,0.005,0.05,0.05,0,10,0.3,1,5,0,res_s1_adult.csv,cuda,0.8387,0.8926,0.7020,0.5721,0.6635,0.6068,8
adult,64,0.01,0.0,3e-05,0.97,1,0,20,0,3,mlp2,1,1,0,2000,0,18,200,XGB,sex,a_grad,0,100,100,shuffle,0.2,1.0,-1.0,victim_only,both,0,0.0,0.005,0.05,0.05,0,10,0.3,1,5,0,res_s1_adult.csv,cuda,0.8387,0.8926,0.7020,0.5721,0.6635,0.6419,8
adult,64,0.01,0.0,3e-05,0.97,1,0,20,0,3,mlp2,1,1,0,2000,0,18,200,XGB,sex,a_output,0,100,100,shuffle,0.2,1.0,-1.0,victim_only,both,0,0.0,0.005,0.05,0.05,0,10,0.3,1,5,0,res_s1_adult.csv,cuda,0.8387,0.8926,0.7020,0.5721,0.6635,0.6726,6
adult,64,0.01,0.0,3e-05,0.97,1,0,20,0,3,mlp2,1,1,0,2000,0,18,200,en-XGB,sex,all,0,100,100,shuffle,0.2,1.0,-1.0,victim_only,both,0,0.0,0.005,0.05,0.05,0,10,0.3,1,5,0,res_s1_adult.csv,cuda,0.8387,0.8926,0.7020,0.5721,0.6635,0.6393,28
adult,64,0.01,0.0,3e-05,0.97,1,0,20,1,3,mlp2,1,1,0,2000,0,18,200,XGB,sex,b_grad,0,100,100,shuffle,0.2,1.0,-1.0,victim_only,both,0,0.0,0.005,0.05,0.05,0,10,0.3,1,5,0,res_s1_adult.csv,cuda,0.8394,0.8939,0.7211,0.5414,0.6635,0.7131,7
adult,64,0.01,0.0,3e-05,0.97,1,0,20,1,3,mlp2,1,1,0,2000,0,18,200,XGB,sex,b_output,0,100,100,shuffle,0.2,1.0,-1.0,victim_only,both,0,0.0,0.005,0.05,0.05,0,10,0.3,1,5,0,res_s1_adult.csv,cuda,0.8394,0.8939,0.7211,0.5414,0.6635,0.5501,8
adult,64,0.01,0.0,3e-05,0.97,1,0,20,1,3,mlp2,1,1,0,2000,0,18,200,XGB,sex,a_grad,0,100,100,shuffle,0.2,1.0,-1.0,victim_only,both,0,0.0,0.005,0.05,0.05,0,10,0.3,1,5,0,res_s1_adult.csv,cuda,0.8394,0.8939,0.7211,0.5414,0.6635,0.7058,7
adult,64,0.01,0.0,3e-05,0.97,1,0,20,1,3,mlp2,1,1,0,2000,0,18,200,XGB,sex,a_output,0,100,100,shuffle,0.2,1.0,-1.0,victim_only,both,0,0.0,0.005,0.05,0.05,0,10,0.3,1,5,0,res_s1_adult.csv,cuda,0.8394,0.8939,0.7211,0.5414,0.6635,0.6703,6
adult,64,0.01,0.0,3e-05,0.97,1,0,20,1,3,mlp2,1,1,0,2000,0,18,200,en-XGB,sex,all,0,100,100,shuffle,0.2,1.0,-1.0,victim_only,both,0,0.0,0.005,0.05,0.05,0,10,0.3,1,5,0,res_s1_adult.csv,cuda,0.8394,0.8939,0.7211,0.5414,0.6635,0.6534,28
adult,64,0.01,0.0,3e-05,0.97,1,0,20,2,3,mlp2,1,1,0,2000,0,18,200,XGB,sex,b_grad,0,100,100,shuffle,0.2,1.0,-1.0,victim_only,both,0,0.0,0.005,0.05,0.05,0,10,0.3,1,5,0,res_s1_adult.csv,cuda,0.8404,0.8950,0.7156,0.5577,0.6635,0.6752,7
adult,64,0.01,0.0,3e-05,0.97,1,0,20,2,3,mlp2,1,1,0,2000,0,18,200,XGB,sex,b_output,0,100,100,shuffle,0.2,1.0,-1.0,victim_only,both,0,0.0,0.005,0.05,0.05,0,10,0.3,1,5,0,res_s1_adult.csv,cuda,0.8404,0.8950,0.7156,0.5577,0.6635,0.7266,8
adult,64,0.01,0.0,3e-05,0.97,1,0,20,2,3,mlp2,1,1,0,2000,0,18,200,XGB,sex,a_grad,0,100,100,shuffle,0.2,1.0,-1.0,victim_only,both,0,0.0,0.005,0.05,0.05,0,10,0.3,1,5,0,res_s1_adult.csv,cuda,0.8404,0.8950,0.7156,0.5577,0.6635,0.6821,7
adult,64,0.01,0.0,3e-05,0.97,1,0,20,2,3,mlp2,1,1,0,2000,0,18,200,XGB,sex,a_output,0,100,100,shuffle,0.2,1.0,-1.0,victim_only,both,0,0.0,0.005,0.05,0.05,0,10,0.3,1,5,0,res_s1_adult.csv,cuda,0.8404,0.8950,0.7156,0.5577,0.6635,0.6565,7
adult,64,0.01,0.0,3e-05,0.97,1,0,20,2,3,mlp2,1,1,0,2000,0,18,200,en-XGB,sex,all,0,100,100,shuffle,0.2,1.0,-1.0,victim_only,both,0,0.0,0.005,0.05,0.05,0,10,0.3,1,5,0,res_s1_adult.csv,cuda,0.8404,0.8950,0.7156,0.5577,0.6635,0.6735,28
adult,64,0.01,0.0,3e-05,0.97,1,0,20,3,3,mlp2,1,1,0,2000,0,18,200,XGB,sex,b_grad,0,100,100,shuffle,0.2,1.0,-1.0,victim_only,both,0,0.0,0.005,0.05,0.05,0,10,0.3,1,5,0,res_s1_adult.csv,cuda,0.8423,0.8943,0.7182,0.5664,0.6635,0.6725,7
adult,64,0.01,0.0,3e-05,0.97,1,0,20,3,3,mlp2,1,1,0,2000,0,18,200,XGB,sex,b_output,0,100,100,shuffle,0.2,1.0,-1.0,victim_only,both,0,0.0,0.005,0.05,0.05,0,10,0.3,1,5,0,res_s1_adult.csv,cuda,0.8423,0.8943,0.7182,0.5664,0.6635,0.5816,8
adult,64,0.01,0.0,3e-05,0.97,1,0,20,3,3,mlp2,1,1,0,2000,0,18,200,XGB,sex,a_grad,0,100,100,shuffle,0.2,1.0,-1.0,victim_only,both,0,0.0,0.005,0.05,0.05,0,10,0.3,1,5,0,res_s1_adult.csv,cuda,0.8423,0.8943,0.7182,0.5664,0.6635,0.6634,8
adult,64,0.01,0.0,3e-05,0.97,1,0,20,3,3,mlp2,1,1,0,2000,0,18,200,XGB,sex,a_output,0,100,100,shuffle,0.2,1.0,-1.0,victim_only,both,0,0.0,0.005,0.05,0.05,0,10,0.3,1,5,0,res_s1_adult.csv,cuda,0.8423,0.8943,0.7182,0.5664,0.6635,0.6783,6
adult,64,0.01,0.0,3e-05,0.97,1,0,20,3,3,mlp2,1,1,0,2000,0,18,200,en-XGB,sex,all,0,100,100,shuffle,0.2,1.0,-1.0,victim_only,both,0,0.0,0.005,0.05,0.05,0,10,0.3,1,5,0,res_s1_adult.csv,cuda,0.8423,0.8943,0.7182,0.5664,0.6635,0.6527,28
adult,64,0.01,0.0,3e-05,0.97,1,0,20,4,3,mlp2,1,1,0,2000,0,18,200,XGB,sex,b_grad,0,100,100,shuffle,0.2,1.0,-1.0,victim_only,both,0,0.0,0.005,0.05,0.05,0,10,0.3,1,5,0,res_s1_adult.csv,cuda,0.8398,0.8943,0.7091,0.5661,0.6635,0.6712,7
adult,64,0.01,0.0,3e-05,0.97,1,0,20,4,3,mlp2,1,1,0,2000,0,18,200,XGB,sex,b_output,0,100,100,shuffle,0.2,1.0,-1.0,victim_only,both,0,0.0,0.005,0.05,0.05,0,10,0.3,1,5,0,res_s1_adult.csv,cuda,0.8398,0.8943,0.7091,0.5661,0.6635,0.6480,7
adult,64,0.01,0.0,3e-05,0.97,1,0,20,4,3,mlp2,1,1,0,2000,0,18,200,XGB,sex,a_grad,0,100,100,shuffle,0.2,1.0,-1.0,victim_only,both,0,0.0,0.005,0.05,0.05,0,10,0.3,1,5,0,res_s1_adult.csv,cuda,0.8398,0.8943,0.7091,0.5661,0.6635,0.6586,7
adult,64,0.01,0.0,3e-05,0.97,1,0,20,4,3,mlp2,1,1,0,2000,0,18,200,XGB,sex,a_output,0,100,100,shuffle,0.2,1.0,-1.0,victim_only,both,0,0.0,0.005,0.05,0.05,0,10,0.3,1,5,0,res_s1_adult.csv,cuda,0.8398,0.8943,0.7091,0.5661,0.6635,0.6904,6
adult,64,0.01,0.0,3e-05,0.97,1,0,20,4,3,mlp2,1,1,0,2000,0,18,200,en-XGB,sex,all,0,100,100,shuffle,0.2,1.0,-1.0,victim_only,both,0,0.0,0.005,0.05,0.05,0,10,0.3,1,5,0,res_s1_adult.csv,cuda,0.8398,0.8943,0.7091,0.5661,0.6635,0.6637,28
adult,64,0.01,0.0,3e-05,0.97,1,0,20,0,3,mlp2,1,1,0,2000,0,18,200,XGB,sex,b_grad,0,100,100,shuffle,0.5,1.0,-1.0,victim_only,both,0,0.0,0.005,0.05,0.05,0,10,0.3,1,5,0,res_s1_adult.csv,cuda,0.8349,0.8787,0.7040,0.5405,0.6635,0.6457,7
adult,64,0.01,0.0,3e-05,0.97,1,0,20,0,3,mlp2,1,1,0,2000,0,18,200,XGB,sex,b_output,0,100,100,shuffle,0.5,1.0,-1.0,victim_only,both,0,0.0,0.005,0.05,0.05,0,10,0.3,1,5,0,res_s1_adult.csv,cuda,0.8349,0.8787,0.7040,0.5405,0.6635,0.6156,8
adult,64,0.01,0.0,3e-05,0.97,1,0,20,0,3,mlp2,1,1,0,2000,0,18,200,XGB,sex,a_grad,0,100,100,shuffle,0.5,1.0,-1.0,victim_only,both,0,0.0,0.005,0.05,0.05,0,10,0.3,1,5,0,res_s1_adult.csv,cuda,0.8349,0.8787,0.7040,0.5405,0.6635,0.6460,7
adult,64,0.01,0.0,3e-05,0.97,1,0,20,0,3,mlp2,1,1,0,2000,0,18,200,XGB,sex,a_output,0,100,100,shuffle,0.5,1.0,-1.0,victim_only,both,0,0.0,0.005,0.05,0.05,0,10,0.3,1,5,0,res_s1_adult.csv,cuda,0.8349,0.8787,0.7040,0.5405,0.6635,0.6662,7
adult,64,0.01,0.0,3e-05,0.97,1,0,20,0,3,mlp2,1,1,0,2000,0,18,200,en-XGB,sex,all,0,100,100,shuffle,0.5,1.0,-1.0,victim_only,both,0,0.0,0.005,0.05,0.05,0,10,0.3,1,5,0,res_s1_adult.csv,cuda,0.8349,0.8787,0.7040,0.5405,0.6635,0.6813,28
adult,64,0.01,0.0,3e-05,0.97,1,0,20,1,3,mlp2,1,1,0,2000,0,18,200,XGB,sex,b_grad,0,100,100,shuffle,0.5,1.0,-1.0,victim_only,both,0,0.0,0.005,0.05,0.05,0,10,0.3,1,5,0,res_s1_adult.csv,cuda,0.8299,0.8771,0.7103,0.4936,0.6635,0.6829,7
adult,64,0.01,0.0,3e-05,0.97,1,0,20,1,3,mlp2,1,1,0,2000,0,18,200,XGB,sex,b_output,0,100,100,shuffle,0.5,1.0,-1.0,victim_only,both,0,0.0,0.005,0.05,0.05,0,10,0.3,1,5,0,res_s1_adult.csv,cuda,0.8299,0.8771,0.7103,0.4936,0.6635,0.5342,8
adult,64,0.01,0.0,3e-05,0.97,1,0,20,1,3,mlp2,1,1,0,2000,0,18,200,XGB,sex,a_grad,0,100,100,shuffle,0.5,1.0,-1.0,victim_only,both,0,0.0,0.005,0.05,0.05,0,10,0.3,1,5,0,res_s1_adult.csv,cuda,0.8299,0.8771,0.7103,0.4936,0.6635,0.6860,7
adult,64,0.01,0.0,3e-05,0.97,1,0,20,1,3,mlp2,1,1,0,2000,0,18,200,XGB,sex,a_output,0,100,100,shuffle,0.5,1.0,-1.0,victim_only,both,0,0.0,0.005,0.05,0.05,0,10,0.3,1,5,0,res_s1_adult.csv,cuda,0.8299,0.8771,0.7103,0.4936,0.6635,0.6745,6
adult,64,0.01,0.0,3e-05,0.97,1,0,20,1,3,mlp2,1,1,0,2000,0,18,200,en-XGB,sex,all,0,100,100,shuffle,0.5,1.0,-1.0,victim_only,both,0,0.0,0.005,0.05,0.05,0,10,0.3,1,5,0,res_s1_adult.csv,cuda,0.8299,0.8771,0.7103,0.4936,0.6635,0.6367,28
adult,64,0.01,0.0,3e-05,0.97,1,0,20,2,3,mlp2,1,1,0,2000,0,18,200,XGB,sex,b_grad,0,100,100,shuffle,0.5,1.0,-1.0,victim_only,both,0,0.0,0.005,0.05,0.05,0,10,0.3,1,5,0,res_s1_adult.csv,cuda,0.8349,0.8818,0.7211,0.5108,0.6635,0.6486,7
adult,64,0.01,0.0,3e-05,0.97,1,0,20,2,3,mlp2,1,1,0,2000,0,18,200,XGB,sex,b_output,0,100,100,shuffle,0.5,1.0,-1.0,victim_only,both,0,0.0,0.005,0.05,0.05,0,10,0.3,1,5,0,res_s1_adult.csv,cuda,0.8349,0.8818,0.7211,0.5108,0.6635,0.7244,8
adult,64,0.01,0.0,3e-05,0.97,1,0,20,2,3,mlp2,1,1,0,2000,0,18,200,XGB,sex,a_grad,0,100,100,shuffle,0.5,1.0,-1.0,victim_only,both,0,0.0,0.005,0.05,0.05,0,10,0.3,1,5,0,res_s1_adult.csv,cuda,0.8349,0.8818,0.7211,0.5108,0.6635,0.6611,7
adult,64,0.01,0.0,3e-05,0.97,1,0,20,2,3,mlp2,1,1,0,2000,0,18,200,XGB,sex,a_output,0,100,100,shuffle,0.5,1.0,-1.0,victim_only,both,0,0.0,0.005,0.05,0.05,0,10,0.3,1,5,0,res_s1_adult.csv,cuda,0.8349,0.8818,0.7211,0.5108,0.6635,0.6915,7
adult,64,0.01,0.0,3e-05,0.97,1,0,20,2,3,mlp2,1,1,0,2000,0,18,200,en-XGB,sex,all,0,100,100,shuffle,0.5,1.0,-1.0,victim_only,both,0,0.0,0.005,0.05,0.05,0,10,0.3,1,5,0,res_s1_adult.csv,cuda,0.8349,0.8818,0.7211,0.5108,0.6635,0.6863,28
adult,64,0.01,0.0,3e-05,0.97,1,0,20,3,3,mlp2,1,1,0,2000,0,18,200,XGB,sex,b_grad,0,100,100,shuffle,0.5,1.0,-1.0,victim_only,both,0,0.0,0.005,0.05,0.05,0,10,0.3,1,5,0,res_s1_adult.csv,cuda,0.8338,0.8789,0.7119,0.5183,0.6635,0.6580,7
adult,64,0.01,0.0,3e-05,0.97,1,0,20,3,3,mlp2,1,1,0,2000,0,18,200,XGB,sex,b_output,0,100,100,shuffle,0.5,1.0,-1.0,victim_only,both,0,0.0,0.005,0.05,0.05,0,10,0.3,1,5,0,res_s1_adult.csv,cuda,0.8338,0.8789,0.7119,0.5183,0.6635,0.5575,8
adult,64,0.01,0.0,3e-05,0.97,1,0,20,3,3,mlp2,1,1,0,2000,0,18,200,XGB,sex,a_grad,0,100,100,shuffle,0.5,1.0,-1.0,victim_only,both,0,0.0,0.005,0.05,0.05,0,10,0.3,1,5,0,res_s1_adult.csv,cuda,0.8338,0.8789,0.7119,0.5183,0.6635,0.6585,7
adult,64,0.01,0.0,3e-05,0.97,1,0,20,3,3,mlp2,1,1,0,2000,0,18,200,XGB,sex,a_output,0,100,100,shuffle,0.5,1.0,-1.0,victim_only,both,0,0.0,0.005,0.05,0.05,0,10,0.3,1,5,0,res_s1_adult.csv,cuda,0.8338,0.8789,0.7119,0.5183,0.6635,0.6760,6
adult,64,0.01,0.0,3e-05,0.97,1,0,20,3,3,mlp2,1,1,0,2000,0,18,200,en-XGB,sex,all,0,100,100,shuffle,0.5,1.0,-1.0,victim_only,both,0,0.0,0.005,0.05,0.05,0,10,0.3,1,5,0,res_s1_adult.csv,cuda,0.8338,0.8789,0.7119,0.5183,0.6635,0.6279,28
adult,64,0.01,0.0,3e-05,0.97,1,0,20,4,3,mlp2,1,1,0,2000,0,18,200,XGB,sex,b_grad,0,100,100,shuffle,0.5,1.0,-1.0,victim_only,both,0,0.0,0.005,0.05,0.05,0,10,0.3,1,5,0,res_s1_adult.csv,cuda,0.8339,0.8807,0.7048,0.5320,0.6635,0.6558,7
adult,64,0.01,0.0,3e-05,0.97,1,0,20,4,3,mlp2,1,1,0,2000,0,18,200,XGB,sex,b_output,0,100,100,shuffle,0.5,1.0,-1.0,victim_only,both,0,0.0,0.005,0.05,0.05,0,10,0.3,1,5,0,res_s1_adult.csv,cuda,0.8339,0.8807,0.7048,0.5320,0.6635,0.6231,8
adult,64,0.01,0.0,3e-05,0.97,1,0,20,4,3,mlp2,1,1,0,2000,0,18,200,XGB,sex,a_grad,0,100,100,shuffle,0.5,1.0,-1.0,victim_only,both,0,0.0,0.005,0.05,0.05,0,10,0.3,1,5,0,res_s1_adult.csv,cuda,0.8339,0.8807,0.7048,0.5320,0.6635,0.6554,7
adult,64,0.01,0.0,3e-05,0.97,1,0,20,4,3,mlp2,1,1,0,2000,0,18,200,XGB,sex,a_output,0,100,100,shuffle,0.5,1.0,-1.0,victim_only,both,0,0.0,0.005,0.05,0.05,0,10,0.3,1,5,0,res_s1_adult.csv,cuda,0.8339,0.8807,0.7048,0.5320,0.6635,0.6618,6
adult,64,0.01,0.0,3e-05,0.97,1,0,20,4,3,mlp2,1,1,0,2000,0,18,200,en-XGB,sex,all,0,100,100,shuffle,0.5,1.0,-1.0,victim_only,both,0,0.0,0.005,0.05,0.05,0,10,0.3,1,5,0,res_s1_adult.csv,cuda,0.8339,0.8807,0.7048,0.5320,0.6635,0.6569,28
