dataset,batch_size,learning_rate,momentum,weight_decay,gamma,decay_period,gpu,epochs,seed,k,model,use_project_head,norm_type,save_feat,sampling_size,select_size,attack_epoch,interpolate,classifier,property,attack_feat,begin_range,end_range,target_num,defense,d_para,d_para2,out_para,defend_scope,defend_side,adaptive_noise,norm_threshold,sigma_low,sigma_high,sigma_alpha,curriculum,warmup_epochs,val_ratio,aligned,n_seeds,log_norms,out_csv,device,accuracy,auc,precision,recall,gnd_frac,pred_frac,used_time
adult,64,0.01,0.0,3e-05,0.97,1,0,20,0,3,mlp2,1,1,0,2000,0,18,200,XGB,sex,b_grad,0,100,100,None,0.0,1.0,-1.0,victim_only,both,0,0.0,0.005,0.05,0.05,0,10,0.3,1,5,1,res_s1_adult.csv,cuda,0.8438,0.8999,0.7131,0.5858,0.6635,0.6394,8
adult,64,0.01,0.0,3e-05,0.97,1,0,20,0,3,mlp2,1,1,0,2000,0,18,200,XGB,sex,b_output,0,100,100,None,0.0,1.0,-1.0,victim_only,both,0,0.0,0.005,0.05,0.05,0,10,0.3,1,5,1,res_s1_adult.csv,cuda,0.8438,0.8999,0.7131,0.5858,0.6635,0.6520,8
adult,64,0.01,0.0,3e-05,0.97,1,0,20,0,3,mlp2,1,1,0,2000,0,18,200,XGB,sex,a_grad,0,100,100,None,0.0,1.0,-1.0,victim_only,both,0,0.0,0.005,0.05,0.05,0,10,0.3,1,5,1,res_s1_adult.csv,cuda,0.8438,0.8999,0.7131,0.5858,0.6635,0.6293,8
adult,64,0.01,0.0,3e-05,0.97,1,0,20,0,3,mlp2,1,1,0,2000,0,18,200,XGB,sex,a_output,0,100,100,None,0.0,1.0,-1.0,victim_only,both,0,0.0,0.005,0.05,0.05,0,10,0.3,1,5,1,res_s1_adult.csv,cuda,0.8438,0.8999,0.7131,0.5858,0.6635,0.6510,8
adult,64,0.01,0.0,3e-05,0.97,1,0,20,0,3,mlp2,1,1,0,2000,0,18,200,en-XGB,sex,all,0,100,100,None,0.0,1.0,-1.0,victim_only,both,0,0.0,0.005,0.05,0.05,0,10,0.3,1,5,1,res_s1_adult.csv,cuda,0.8438,0.8999,0.7131,0.5858,0.6635,0.6478,32
adult,64,0.01,0.0,3e-05,0.97,1,0,20,1,3,mlp2,1,1,0,2000,0,18,200,XGB,sex,b_grad,0,100,100,None,0.0,1.0,-1.0,victim_only,both,0,0.0,0.005,0.05,0.05,0,10,0.3,1,5,1,res_s1_adult.csv,cuda,0.8439,0.9015,0.7138,0.5855,0.6635,0.6885,8
adult,64,0.01,0.0,3e-05,0.97,1,0,20,1,3,mlp2,1,1,0,2000,0,18,200,XGB,sex,b_output,0,100,100,None,0.0,1.0,-1.0,victim_only,both,0,0.0,0.005,0.05,0.05,0,10,0.3,1,5,1,res_s1_adult.csv,cuda,0.8439,0.9015,0.7138,0.5855,0.6635,0.6971,8
adult,64,0.01,0.0,3e-05,0.97,1,0,20,1,3,mlp2,1,1,0,2000,0,18,200,XGB,sex,a_grad,0,100,100,None,0.0,1.0,-1.0,victim_only,both,0,0.0,0.005,0.05,0.05,0,10,0.3,1,5,1,res_s1_adult.csv,cuda,0.8439,0.9015,0.7138,0.5855,0.6635,0.6875,8
adult,64,0.01,0.0,3e-05,0.97,1,0,20,1,3,mlp2,1,1,0,2000,0,18,200,XGB,sex,a_output,0,100,100,None,0.0,1.0,-1.0,victim_only,both,0,0.0,0.005,0.05,0.05,0,10,0.3,1,5,1,res_s1_adult.csv,cuda,0.8439,0.9015,0.7138,0.5855,0.6635,0.6692,7
adult,64,0.01,0.0,3e-05,0.97,1,0,20,1,3,mlp2,1,1,0,2000,0,18,200,en-XGB,sex,all,0,100,100,None,0.0,1.0,-1.0,victim_only,both,0,0.0,0.005,0.05,0.05,0,10,0.3,1,5,1,res_s1_adult.csv,cuda,0.8439,0.9015,0.7138,0.5855,0.6635,0.6799,32
adult,64,0.01,0.0,3e-05,0.97,1,0,20,2,3,mlp2,1,1,0,2000,0,18,200,XGB,sex,b_grad,0,100,100,None,0.0,1.0,-1.0,victim_only,both,0,0.0,0.005,0.05,0.05,0,10,0.3,1,5,1,res_s1_adult.csv,cuda,0.8446,0.9012,0.7156,0.5867,0.6635,0.6605,8
adult,64,0.01,0.0,3e-05,0.97,1,0,20,2,3,mlp2,1,1,0,2000,0,18,200,XGB,sex,b_output,0,100,100,None,0.0,1.0,-1.0,victim_only,both,0,0.0,0.005,0.05,0.05,0,10,0.3,1,5,1,res_s1_adult.csv,cuda,0.8446,0.9012,0.7156,0.5867,0.6635,0.6529,9
adult,64,0.01,0.0,3e-05,0.97,1,0,20,2,3,mlp2,1,1,0,2000,0,18,200,XGB,sex,a_grad,0,100,100,None,0.0,1.0,-1.0,victim_only,both,0,0.0,0.005,0.05,0.05,0,10,0.3,1,5,1,res_s1_adult.csv,cuda,0.8446,0.9012,0.7156,0.5867,0.6635,0.6817,8
adult,64,0.01,0.0,3e-05,0.97,1,0,20,2,3,mlp2,1,1,0,2000,0,18,200,XGB,sex,a_output,0,100,100,None,0.0,1.0,-1.0,victim_only,both,0,0.0,0.005,0.05,0.05,0,10,0.3,1,5,1,res_s1_adult.csv,cuda,0.8446,0.9012,0.7156,0.5867,0.6635,0.6618,7
adult,64,0.01,0.0,3e-05,0.97,1,0,20,2,3,mlp2,1,1,0,2000,0,18,200,en-XGB,sex,all,0,100,100,None,0.0,1.0,-1.0,victim_only,both,0,0.0,0.005,0.05,0.05,0,10,0.3,1,5,1,res_s1_adult.csv,cuda,0.8446,0.9012,0.7156,0.5867,0.6635,0.6632,32
adult,64,0.01,0.0,3e-05,0.97,1,0,20,3,3,mlp2,1,1,0,2000,0,18,200,XGB,sex,b_grad,0,100,100,None,0.0,1.0,-1.0,victim_only,both,0,0.0,0.005,0.05,0.05,0,10,0.3,1,5,1,res_s1_adult.csv,cuda,0.8441,0.9025,0.7137,0.5867,0.6635,0.6513,8
adult,64,0.01,0.0,3e-05,0.97,1,0,20,3,3,mlp2,1,1,0,2000,0,18,200,XGB,sex,b_output,0,100,100,None,0.0,1.0,-1.0,victim_only,both,0,0.0,0.005,0.05,0.05,0,10,0.3,1,5,1,res_s1_adult.csv,cuda,0.8441,0.9025,0.7137,0.5867,0.6635,0.6930,8
adult,64,0.01,0.0,3e-05,0.97,1,0,20,3,3,mlp2,1,1,0,2000,0,18,200,XGB,sex,a_grad,0,100,100,None,0.0,1.0,-1.0,victim_only,both,0,0.0,0.005,0.05,0.05,0,10,0.3,1,5,1,res_s1_adult.csv,cuda,0.8441,0.9025,0.7137,0.5867,0.6635,0.6619,8
adult,64,0.01,0.0,3e-05,0.97,1,0,20,3,3,mlp2,1,1,0,2000,0,18,200,XGB,sex,a_output,0,100,100,None,0.0,1.0,-1.0,victim_only,both,0,0.0,0.005,0.05,0.05,0,10,0.3,1,5,1,res_s1_adult.csv,cuda,0.8441,0.9025,0.7137,0.5867,0.6635,0.6856,7
adult,64,0.01,0.0,3e-05,0.97,1,0,20,3,3,mlp2,1,1,0,2000,0,18,200,en-XGB,sex,all,0,100,100,None,0.0,1.0,-1.0,victim_only,both,0,0.0,0.005,0.05,0.05,0,10,0.3,1,5,1,res_s1_adult.csv,cuda,0.8441,0.9025,0.7137,0.5867,0.6635,0.6756,32
adult,64,0.01,0.0,3e-05,0.97,1,0,20,4,3,mlp2,1,1,0,2000,0,18,200,XGB,sex,b_grad,0,100,100,None,0.0,1.0,-1.0,victim_only,both,0,0.0,0.005,0.05,0.05,0,10,0.3,1,5,1,res_s1_adult.csv,cuda,0.8432,0.9008,0.7117,0.5842,0.6635,0.6986,8
adult,64,0.01,0.0,3e-05,0.97,1,0,20,4,3,mlp2,1,1,0,2000,0,18,200,XGB,sex,b_output,0,100,100,None,0.0,1.0,-1.0,victim_only,both,0,0.0,0.005,0.05,0.05,0,10,0.3,1,5,1,res_s1_adult.csv,cuda,0.8432,0.9008,0.7117,0.5842,0.6635,0.6652,7
adult,64,0.01,0.0,3e-05,0.97,1,0,20,4,3,mlp2,1,1,0,2000,0,18,200,XGB,sex,a_grad,0,100,100,None,0.0,1.0,-1.0,victim_only,both,0,0.0,0.005,0.05,0.05,0,10,0.3,1,5,1,res_s1_adult.csv,cuda,0.8432,0.9008,0.7117,0.5842,0.6635,0.6783,8
adult,64,0.01,0.0,3e-05,0.97,1,0,20,4,3,mlp2,1,1,0,2000,0,18,200,XGB,sex,a_output,0,100,100,None,0.0,1.0,-1.0,victim_only,both,0,0.0,0.005,0.05,0.05,0,10,0.3,1,5,1,res_s1_adult.csv,cuda,0.8432,0.9008,0.7117,0.5842,0.6635,0.6711,7
adult,64,0.01,0.0,3e-05,0.97,1,0,20,4,3,mlp2,1,1,0,2000,0,18,200,en-XGB,sex,all,0,100,100,None,0.0,1.0,-1.0,victim_only,both,0,0.0,0.005,0.05,0.05,0,10,0.3,1,5,1,res_s1_adult.csv,cuda,0.8432,0.9008,0.7117,0.5842,0.6635,0.6800,32
adult,64,0.01,0.0,3e-05,0.97,1,0,20,0,3,mlp2,1,1,0,2000,0,18,200,XGB,sex,b_grad,0,100,100,gauss_noise,0.0,1.0,0.05,victim_only,output,0,0.0,0.005,0.05,0.05,0,10,0.3,1,5,0,res_s1_adult.csv,cuda,0.8438,0.8997,0.7142,0.5842,0.6635,0.6385,8
adult,64,0.01,0.0,3e-05,0.97,1,0,20,0,3,mlp2,1,1,0,2000,0,18,200,XGB,sex,b_output,0,100,100,gauss_noise,0.0,1.0,0.05,victim_only,output,0,0.0,0.005,0.05,0.05,0,10,0.3,1,5,0,res_s1_adult.csv,cuda,0.8438,0.8997,0.7142,0.5842,0.6635,0.6666,8
adult,64,0.01,0.0,3e-05,0.97,1,0,20,0,3,mlp2,1,1,0,2000,0,18,200,XGB,sex,a_grad,0,100,100,gauss_noise,0.0,1.0,0.05,victim_only,output,0,0.0,0.005,0.05,0.05,0,10,0.3,1,5,0,res_s1_adult.csv,cuda,0.8438,0.8997,0.7142,0.5842,0.6635,0.6308,8
adult,64,0.01,0.0,3e-05,0.97,1,0,20,0,3,mlp2,1,1,0,2000,0,18,200,XGB,sex,a_output,0,100,100,gauss_noise,0.0,1.0,0.05,victim_only,output,0,0.0,0.005,0.05,0.05,0,10,0.3,1,5,0,res_s1_adult.csv,cuda,0.8438,0.8997,0.7142,0.5842,0.6635,0.6568,8
adult,64,0.01,0.0,3e-05,0.97,1,0,20,0,3,mlp2,1,1,0,2000,0,18,200,en-XGB,sex,all,0,100,100,gauss_noise,0.0,1.0,0.05,victim_only,output,0,0.0,0.005,0.05,0.05,0,10,0.3,1,5,0,res_s1_adult.csv,cuda,0.8438,0.8997,0.7142,0.5842,0.6635,0.6462,32
adult,64,0.01,0.0,3e-05,0.97,1,0,20,1,3,mlp2,1,1,0,2000,0,18,200,XGB,sex,b_grad,0,100,100,gauss_noise,0.0,1.0,0.05,victim_only,output,0,0.0,0.005,0.05,0.05,0,10,0.3,1,5,0,res_s1_adult.csv,cuda,0.8438,0.9013,0.7145,0.5836,0.6635,0.6922,8
adult,64,0.01,0.0,3e-05,0.97,1,0,20,1,3,mlp2,1,1,0,2000,0,18,200,XGB,sex,b_output,0,100,100,gauss_noise,0.0,1.0,0.05,victim_only,output,0,0.0,0.005,0.05,0.05,0,10,0.3,1,5,0,res_s1_adult.csv,cuda,0.8438,0.9013,0.7145,0.5836,0.6635,0.6784,8
adult,64,0.01,0.0,3e-05,0.97,1,0,20,1,3,mlp2,1,1,0,2000,0,18,200,XGB,sex,a_grad,0,100,100,gauss_noise,0.0,1.0,0.05,victim_only,output,0,0.0,0.005,0.05,0.05,0,10,0.3,1,5,0,res_s1_adult.csv,cuda,0.8438,0.9013,0.7145,0.5836,0.6635,0.6917,8
adult,64,0.01,0.0,3e-05,0.97,1,0,20,1,3,mlp2,1,1,0,2000,0,18,200,XGB,sex,a_output,0,100,100,gauss_noise,0.0,1.0,0.05,victim_only,output,0,0.0,0.005,0.05,0.05,0,10,0.3,1,5,0,res_s1_adult.csv,cuda,0.8438,0.9013,0.7145,0.5836,0.6635,0.6650,7
adult,64,0.01,0.0,3e-05,0.97,1,0,20,1,3,mlp2,1,1,0,2000,0,18,200,en-XGB,sex,all,0,100,100,gauss_noise,0.0,1.0,0.05,victim_only,output,0,0.0,0.005,0.05,0.05,0,10,0.3,1,5,0,res_s1_adult.csv,cuda,0.8438,0.9013,0.7145,0.5836,0.6635,0.6797,32
adult,64,0.01,0.0,3e-05,0.97,1,0,20,2,3,mlp2,1,1,0,2000,0,18,200,XGB,sex,b_grad,0,100,100,gauss_noise,0.0,1.0,0.05,victim_only,output,0,0.0,0.005,0.05,0.05,0,10,0.3,1,5,0,res_s1_adult.csv,cuda,0.8450,0.9012,0.7191,0.5833,0.6635,0.6612,8
adult,64,0.01,0.0,3e-05,0.97,1,0,20,2,3,mlp2,1,1,0,2000,0,18,200,XGB,sex,b_output,0,100,100,gauss_noise,0.0,1.0,0.05,victim_only,output,0,0.0,0.005,0.05,0.05,0,10,0.3,1,5,0,res_s1_adult.csv,cuda,0.8450,0.9012,0.7191,0.5833,0.6635,0.6402,9
adult,64,0.01,0.0,3e-05,0.97,1,0,20,2,3,mlp2,1,1,0,2000,0,18,200,XGB,sex,a_grad,0,100,100,gauss_noise,0.0,1.0,0.05,victim_only,output,0,0.0,0.005,0.05,0.05,0,10,0.3,1,5,0,res_s1_adult.csv,cuda,0.8450,0.9012,0.7191,0.5833,0.6635,0.6732,8
adult,64,0.01,0.0,3e-05,0.97,1,0,20,2,3,mlp2,1,1,0,2000,0,18,200,XGB,sex,a_output,0,100,100,gauss_noise,0.0,1.0,0.05,victim_only,output,0,0.0,0.005,0.05,0.05,0,10,0.3,1,5,0,res_s1_adult.csv,cuda,0.8450,0.9012,0.7191,0.5833,0.6635,0.6656,7
adult,64,0.01,0.0,3e-05,0.97,1,0,20,2,3,mlp2,1,1,0,2000,0,18,200,en-XGB,sex,all,0,100,100,gauss_noise,0.0,1.0,0.05,victim_only,output,0,0.0,0.005,0.05,0.05,0,10,0.3,1,5,0,res_s1_adult.csv,cuda,0.8450,0.9012,0.7191,0.5833,0.6635,0.6600,32
adult,64,0.01,0.0,3e-05,0.97,1,0,20,3,3,mlp2,1,1,0,2000,0,18,200,XGB,sex,b_grad,0,100,100,gauss_noise,0.0,1.0,0.05,victim_only,output,0,0.0,0.005,0.05,0.05,0,10,0.3,1,5,0,res_s1_adult.csv,cuda,0.8446,0.9021,0.7159,0.5861,0.6635,0.6516,8
adult,64,0.01,0.0,3e-05,0.97,1,0,20,3,3,mlp2,1,1,0,2000,0,18,200,XGB,sex,b_output,0,100,100,gauss_noise,0.0,1.0,0.05,victim_only,output,0,0.0,0.005,0.05,0.05,0,10,0.3,1,5,0,res_s1_adult.csv,cuda,0.8446,0.9021,0.7159,0.5861,0.6635,0.6579,9
adult,64,0.01,0.0,3e-05,0.97,1,0,20,3,3,mlp2,1,1,0,2000,0,18,200,XGB,sex,a_grad,0,100,100,gauss_noise,0.0,1.0,0.05,victim_only,output,0,0.0,0.005,0.05,0.05,0,10,0.3,1,5,0,res_s1_adult.csv,cuda,0.8446,0.9021,0.7159,0.5861,0.6635,0.6578,8
adult,64,0.01,0.0,3e-05,0.97,1,0,20,3,3,mlp2,1,1,0,2000,0,18,200,XGB,sex,a_output,0,100,100,gauss_noise,0.0,1.0,0.05,victim_only,output,0,0.0,0.005,0.05,0.05,0,10,0.3,1,5,0,res_s1_adult.csv,cuda,0.8446,0.9021,0.7159,0.5861,0.6635,0.6770,7
adult,64,0.01,0.0,3e-05,0.97,1,0,20,3,3,mlp2,1,1,0,2000,0,18,200,en-XGB,sex,all,0,100,100,gauss_noise,0.0,1.0,0.05,victim_only,output,0,0.0,0.005,0.05,0.05,0,10,0.3,1,5,0,res_s1_adult.csv,cuda,0.8446,0.9021,0.7159,0.5861,0.6635,0.6719,32
adult,64,0.01,0.0,3e-05,0.97,1,0,20,4,3,mlp2,1,1,0,2000,0,18,200,XGB,sex,b_grad,0,100,100,gauss_noise,0.0,1.0,0.05,victim_only,output,0,0.0,0.005,0.05,0.05,0,10,0.3,1,5,0,res_s1_adult.csv,cuda,0.8432,0.9006,0.7121,0.5836,0.6635,0.6963,8
adult,64,0.01,0.0,3e-05,0.97,1,0,20,4,3,mlp2,1,1,0,2000,0,18,200,XGB,sex,b_output,0,100,100,gauss_noise,0.0,1.0,0.05,victim_only,output,0,0.0,0.005,0.05,0.05,0,10,0.3,1,5,0,res_s1_adult.csv,cuda,0.8432,0.9006,0.7121,0.5836,0.6635,0.6589,8
adult,64,0.01,0.0,3e-05,0.97,1,0,20,4,3,mlp2,1,1,0,2000,0,18,200,XGB,sex,a_grad,0,100,100,gauss_noise,0.0,1.0,0.05,victim_only,output,0,0.0,0.005,0.05,0.05,0,10,0.3,1,5,0,res_s1_adult.csv,cuda,0.8432,0.9006,0.7121,0.5836,0.6635,0.6766,8
adult,64,0.01,0.0,3e-05,0.97,1,0,20,4,3,mlp2,1,1,0,2000,0,18,200,XGB,sex,a_output,0,100,100,gauss_noise,0.0,1.0,0.05,victim_only,output,0,0.0,0.005,0.05,0.05,0,10,0.3,1,5,0,res_s1_adult.csv,cuda,0.8432,0.9006,0.7121,0.5836,0.6635,0.6699,7
adult,64,0.01,0.0,3e-05,0.97,1,0,20,4,3,mlp2,1,1,0,2000,0,18,200,en-XGB,sex,all,0,100,100,gauss_noise,0.0,1.0,0.05,victim_only,output,0,0.0,0.005,0.05,0.05,0,10,0.3,1,5,0,res_s1_adult.csv,cuda,0.8432,0.9006,0.7121,0.5836,0.6635,0.6748,32
adult,64,0.01,0.0,3e-05,0.97,1,0,20,0,3,mlp2,1,1,0,2000,0,18,200,XGB,sex,b_grad,0,100,100,gauss_noise,0.05,1.0,-1.0,victim_only,grad,0,0.0,0.005,0.05,0.05,0,10,0.3,1,5,0,res_s1_adult.csv,cuda,0.8389,0.8942,0.7008,0.5761,0.6635,0.3915,9
adult,64,0.01,0.0,3e-05,0.97,1,0,20,0,3,mlp2,1,1,0,2000,0,18,200,XGB,sex,b_output,0,100,100,gauss_noise,0.05,1.0,-1.0,victim_only,grad,0,0.0,0.005,0.05,0.05,0,10,0.3,1,5,0,res_s1_adult.csv,cuda,0.8389,0.8942,0.7008,0.5761,0.6635,0.6451,9
adult,64,0.01,0.0,3e-05,0.97,1,0,20,0,3,mlp2,1,1,0,2000,0,18,200,XGB,sex,a_grad,0,100,100,gauss_noise,0.05,1.0,-1.0,victim_only,grad,0,0.0,0.005,0.05,0.05,0,10,0.3,1,5,0,res_s1_adult.csv,cuda,0.8389,0.8942,0.7008,0.5761,0.6635,0.6322,8
adult,64,0.01,0.0,3e-05,0.97,1,0,20,0,3,mlp2,1,1,0,2000,0,18,200,XGB,sex,a_output,0,100,100,gauss_noise,0.05,1.0,-1.0,victim_only,grad,0,0.0,0.005,0.05,0.05,0,10,0.3,1,5,0,res_s1_adult.csv,cuda,0.8389,0.8942,0.7008,0.5761,0.6635,0.6611,8
adult,64,0.01,0.0,3e-05,0.97,1,0,20,0,3,mlp2,1,1,0,2000,0,18,200,en-XGB,sex,all,0,100,100,gauss_noise,0.05,1.0,-1.0,victim_only,grad,0,0.0,0.005,0.05,0.05,0,10,0.3,1,5,0,res_s1_adult.csv,cuda,0.8389,0.8942,0.7008,0.5761,0.6635,0.5895,40
adult,64,0.01,0.0,3e-05,0.97,1,0,20,1,3,mlp2,1,1,0,2000,0,18,200,XGB,sex,b_grad,0,100,100,gauss_noise,0.05,1.0,-1.0,victim_only,grad,0,0.0,0.005,0.05,0.05,0,10,0.3,1,5,0,res_s1_adult.csv,cuda,0.8439,0.8979,0.7210,0.5721,0.6635,0.5706,9
adult,64,0.01,0.0,3e-05,0.97,1,0,20,1,3,mlp2,1,1,0,2000,0,18,200,XGB,sex,b_output,0,100,100,gauss_noise,0.05,1.0,-1.0,victim_only,grad,0,0.0,0.005,0.05,0.05,0,10,0.3,1,5,0,res_s1_adult.csv,cuda,0.8439,0.8979,0.7210,0.5721,0.6635,0.6408,9
adult,64,0.01,0.0,3e-05,0.97,1,0,20,1,3,mlp2,1,1,0,2000,0,18,200,XGB,sex,a_grad,0,100,100,gauss_noise,0.05,1.0,-1.0,victim_only,grad,0,0.0,0.005,0.05,0.05,0,10,0.3,1,5,0,res_s1_adult.csv,cuda,0.8439,0.8979,0.7210,0.5721,0.6635,0.7026,8
adult,64,0.01,0.0,3e-05,0.97,1,0,20,1,3,mlp2,1,1,0,2000,0,18,200,XGB,sex,a_output,0,100,100,gauss_noise,0.05,1.0,-1.0,victim_only,grad,0,0.0,0.005,0.05,0.05,0,10,0.3,1,5,0,res_s1_adult.csv,cuda,0.8439,0.8979,0.7210,0.5721,0.6635,0.6774,7
adult,64,0.01,0.0,3e-05,0.97,1,0,20,1,3,mlp2,1,1,0,2000,0,18,200,en-XGB,sex,all,0,100,100,gauss_noise,0.05,1.0,-1.0,victim_only,grad,0,0.0,0.005,0.05,0.05,0,10,0.3,1,5,0,res_s1_adult.csv,cuda,0.8439,0.8979,0.7210,0.5721,0.6635,0.6735,40
adult,64,0.01,0.0,3e-05,0.97,1,0,20,2,3,mlp2,1,1,0,2000,0,18,200,XGB,sex,b_grad,0,100,100,gauss_noise,0.05,1.0,-1.0,victim_only,grad,0,0.0,0.005,0.05,0.05,0,10,0.3,1,5,0,res_s1_adult.csv,cuda,0.8439,0.8991,0.7117,0.5896,0.6635,0.5203,9
adult,64,0.01,0.0,3e-05,0.97,1,0,20,2,3,mlp2,1,1,0,2000,0,18,200,XGB,sex,b_output,0,100,100,gauss_noise,0.05,1.0,-1.0,victim_only,grad,0,0.0,0.005,0.05,0.05,0,10,0.3,1,5,0,res_s1_adult.csv,cuda,0.8439,0.8991,0.7117,0.5896,0.6635,0.6744,8
adult,64,0.01,0.0,3e-05,0.97,1,0,20,2,3,mlp2,1,1,0,2000,0,18,200,XGB,sex,a_grad,0,100,100,gauss_noise,0.05,1.0,-1.0,victim_only,grad,0,0.0,0.005,0.05,0.05,0,10,0.3,1,5,0,res_s1_adult.csv,cuda,0.8439,0.8991,0.7117,0.5896,0.6635,0.6672,9
adult,64,0.01,0.0,3e-05,0.97,1,0,20,2,3,mlp2,1,1,0,2000,0,18,200,XGB,sex,a_output,0,100,100,gauss_noise,0.05,1.0,-1.0,victim_only,grad,0,0.0,0.005,0.05,0.05,0,10,0.3,1,5,0,res_s1_adult.csv,cuda,0.8439,0.8991,0.7117,0.5896,0.6635,0.6639,8
adult,64,0.01,0.0,3e-05,0.97,1,0,20,2,3,mlp2,1,1,0,2000,0,18,200,en-XGB,sex,all,0,100,100,gauss_noise,0.05,1.0,-1.0,victim_only,grad,0,0.0,0.005,0.05,0.05,0,10,0.3,1,5,0,res_s1_adult.csv,cuda,0.8439,0.8991,0.7117,0.5896,0.6635,0.6267,40
adult,64,0.01,0.0,3e-05,0.97,1,0,20,3,3,mlp2,1,1,0,2000,0,18,200,XGB,sex,b_grad,0,100,100,gauss_noise,0.05,1.0,-1.0,victim_only,grad,0,0.0,0.005,0.05,0.05,0,10,0.3,1,5,0,res_s1_adult.csv,cuda,0.8450,0.9002,0.7290,0.5658,0.6635,0.4838,10
adult,64,0.01,0.0,3e-05,0.97,1,0,20,3,3,mlp2,1,1,0,2000,0,18,200,XGB,sex,b_output,0,100,100,gauss_noise,0.05,1.0,-1.0,victim_only,grad,0,0.0,0.005,0.05,0.05,0,10,0.3,1,5,0,res_s1_adult.csv,cuda,0.8450,0.9002,0.7290,0.5658,0.6635,0.6550,8
adult,64,0.01,0.0,3e-05,0.97,1,0,20,3,3,mlp2,1,1,0,2000,0,18,200,XGB,sex,a_grad,0,100,100,gauss_noise,0.05,1.0,-1.0,victim_only,grad,0,0.0,0.005,0.05,0.05,0,10,0.3,1,5,0,res_s1_adult.csv,cuda,0.8450,0.9002,0.7290,0.5658,0.6635,0.6641,8
adult,64,0.01,0.0,3e-05,0.97,1,0,20,3,3,mlp2,1,1,0,2000,0,18,200,XGB,sex,a_output,0,100,100,gauss_noise,0.05,1.0,-1.0,victim_only,grad,0,0.0,0.005,0.05,0.05,0,10,0.3,1,5,0,res_s1_adult.csv,cuda,0.8450,0.9002,0.7290,0.5658,0.6635,0.6861,7
adult,64,0.01,0.0,3e-05,0.97,1,0,20,3,3,mlp2,1,1,0,2000,0,18,200,en-XGB,sex,all,0,100,100,gauss_noise,0.05,1.0,-1.0,victim_only,grad,0,0.0,0.005,0.05,0.05,0,10,0.3,1,5,0,res_s1_adult.csv,cuda,0.8450,0.9002,0.7290,0.5658,0.6635,0.6257,40
adult,64,0.01,0.0,3e-05,0.97,1,0,20,4,3,mlp2,1,1,0,2000,0,18,200,XGB,sex,b_grad,0,100,100,gauss_noise,0.05,1.0,-1.0,victim_only,grad,0,0.0,0.005,0.05,0.05,0,10,0.3,1,5,0,res_s1_adult.csv,cuda,0.8410,0.8975,0.7270,0.5420,0.6635,0.4182,9
adult,64,0.01,0.0,3e-05,0.97,1,0,20,4,3,mlp2,1,1,0,2000,0,18,200,XGB,sex,b_output,0,100,100,gauss_noise,0.05,1.0,-1.0,victim_only,grad,0,0.0,0.005,0.05,0.05,0,10,0.3,1,5,0,res_s1_adult.csv,cuda,0.8410,0.8975,0.7270,0.5420,0.6635,0.6748,8
adult,64,0.01,0.0,3e-05,0.97,1,0,20,4,3,mlp2,1,1,0,2000,0,18,200,XGB,sex,a_grad,0,100,100,gauss_noise,0.05,1.0,-1.0,victim_only,grad,0,0.0,0.005,0.05,0.05,0,10,0.3,1,5,0,res_s1_adult.csv,cuda,0.8410,0.8975,0.7270,0.5420,0.6635,0.6736,8
adult,64,0.01,0.0,3e-05,0.97,1,0,20,4,3,mlp2,1,1,0,2000,0,18,200,XGB,sex,a_output,0,100,100,gauss_noise,0.05,1.0,-1.0,victim_only,grad,0,0.0,0.005,0.05,0.05,0,10,0.3,1,5,0,res_s1_adult.csv,cuda,0.8410,0.8975,0.7270,0.5420,0.6635,0.6833,8
adult,64,0.01,0.0,3e-05,0.97,1,0,20,4,3,mlp2,1,1,0,2000,0,18,200,en-XGB,sex,all,0,100,100,gauss_noise,0.05,1.0,-1.0,victim_only,grad,0,0.0,0.005,0.05,0.05,0,10,0.3,1,5,0,res_s1_adult.csv,cuda,0.8410,0.8975,0.7270,0.5420,0.6635,0.6464,40
adult,64,0.01,0.0,3e-05,0.97,1,0,20,0,3,mlp2,1,1,0,2000,0,18,200,XGB,sex,b_grad,0,100,100,gauss_noise,0.05,1.0,0.05,victim_only,both,0,0.0,0.005,0.05,0.05,0,10,0.3,1,5,0,res_s1_adult.csv,cuda,0.8390,0.8949,0.6793,0.6258,0.6635,0.4529,9
adult,64,0.01,0.0,3e-05,0.97,1,0,20,0,3,mlp2,1,1,0,2000,0,18,200,XGB,sex,b_output,0,100,100,gauss_noise,0.05,1.0,0.05,victim_only,both,0,0.0,0.005,0.05,0.05,0,10,0.3,1,5,0,res_s1_adult.csv,cuda,0.8390,0.8949,0.6793,0.6258,0.6635,0.6329,8
adult,64,0.01,0.0,3e-05,0.97,1,0,20,0,3,mlp2,1,1,0,2000,0,18,200,XGB,sex,a_grad,0,100,100,gauss_noise,0.05,1.0,0.05,victim_only,both,0,0.0,0.005,0.05,0.05,0,10,0.3,1,5,0,res_s1_adult.csv,cuda,0.8390,0.8949,0.6793,0.6258,0.6635,0.6355,8
adult,64,0.01,0.0,3e-05,0.97,1,0,20,0,3,mlp2,1,1,0,2000,0,18,200,XGB,sex,a_output,0,100,100,gauss_noise,0.05,1.0,0.05,victim_only,both,0,0.0,0.005,0.05,0.05,0,10,0.3,1,5,0,res_s1_adult.csv,cuda,0.8390,0.8949,0.6793,0.6258,0.6635,0.6455,7
adult,64,0.01,0.0,3e-05,0.97,1,0,20,0,3,mlp2,1,1,0,2000,0,18,200,en-XGB,sex,all,0,100,100,gauss_noise,0.05,1.0,0.05,victim_only,both,0,0.0,0.005,0.05,0.05,0,10,0.3,1,5,0,res_s1_adult.csv,cuda,0.8390,0.8949,0.6793,0.6258,0.6635,0.6052,36
adult,64,0.01,0.0,3e-05,0.97,1,0,20,1,3,mlp2,1,1,0,2000,0,18,200,XGB,sex,b_grad,0,100,100,gauss_noise,0.05,1.0,0.05,victim_only,both,0,0.0,0.005,0.05,0.05,0,10,0.3,1,5,0,res_s1_adult.csv,cuda,0.8421,0.9012,0.6764,0.6580,0.6635,0.4874,9
adult,64,0.01,0.0,3e-05,0.97,1,0,20,1,3,mlp2,1,1,0,2000,0,18,200,XGB,sex,b_output,0,100,100,gauss_noise,0.05,1.0,0.05,victim_only,both,0,0.0,0.005,0.05,0.05,0,10,0.3,1,5,0,res_s1_adult.csv,cuda,0.8421,0.9012,0.6764,0.6580,0.6635,0.7003,8
adult,64,0.01,0.0,3e-05,0.97,1,0,20,1,3,mlp2,1,1,0,2000,0,18,200,XGB,sex,a_grad,0,100,100,gauss_noise,0.05,1.0,0.05,victim_only,both,0,0.0,0.005,0.05,0.05,0,10,0.3,1,5,0,res_s1_adult.csv,cuda,0.8421,0.9012,0.6764,0.6580,0.6635,0.6839,8
adult,64,0.01,0.0,3e-05,0.97,1,0,20,1,3,mlp2,1,1,0,2000,0,18,200,XGB,sex,a_output,0,100,100,gauss_noise,0.05,1.0,0.05,victim_only,both,0,0.0,0.005,0.05,0.05,0,10,0.3,1,5,0,res_s1_adult.csv,cuda,0.8421,0.9012,0.6764,0.6580,0.6635,0.6722,7
adult,64,0.01,0.0,3e-05,0.97,1,0,20,1,3,mlp2,1,1,0,2000,0,18,200,en-XGB,sex,all,0,100,100,gauss_noise,0.05,1.0,0.05,victim_only,both,0,0.0,0.005,0.05,0.05,0,10,0.3,1,5,0,res_s1_adult.csv,cuda,0.8421,0.9012,0.6764,0.6580,0.6635,0.6439,36
adult,64,0.01,0.0,3e-05,0.97,1,0,20,2,3,mlp2,1,1,0,2000,0,18,200,XGB,sex,b_grad,0,100,100,gauss_noise,0.05,1.0,0.05,victim_only,both,0,0.0,0.005,0.05,0.05,0,10,0.3,1,5,0,res_s1_adult.csv,cuda,0.8437,0.8991,0.7046,0.6024,0.6635,0.3536,9
adult,64,0.01,0.0,3e-05,0.97,1,0,20,2,3,mlp2,1,1,0,2000,0,18,200,XGB,sex,b_output,0,100,100,gauss_noise,0.05,1.0,0.05,victim_only,both,0,0.0,0.005,0.05,0.05,0,10,0.3,1,5,0,res_s1_adult.csv,cuda,0.8437,0.8991,0.7046,0.6024,0.6635,0.6547,8
adult,64,0.01,0.0,3e-05,0.97,1,0,20,2,3,mlp2,1,1,0,2000,0,18,200,XGB,sex,a_grad,0,100,100,gauss_noise,0.05,1.0,0.05,victim_only,both,0,0.0,0.005,0.05,0.05,0,10,0.3,1,5,0,res_s1_adult.csv,cuda,0.8437,0.8991,0.7046,0.6024,0.6635,0.6787,8
adult,64,0.01,0.0,3e-05,0.97,1,0,20,2,3,mlp2,1,1,0,2000,0,18,200,XGB,sex,a_output,0,100,100,gauss_noise,0.05,1.0,0.05,victim_only,both,0,0.0,0.005,0.05,0.05,0,10,0.3,1,5,0,res_s1_adult.csv,cuda,0.8437,0.8991,0.7046,0.6024,0.6635,0.6812,7
adult,64,0.01,0.0,3e-05,0.97,1,0,20,2,3,mlp2,1,1,0,2000,0,18,200,en-XGB,sex,all,0,100,100,gauss_noise,0.05,1.0,0.05,victim_only,both,0,0.0,0.005,0.05,0.05,0,10,0.3,1,5,0,res_s1_adult.csv,cuda,0.8437,0.8991,0.7046,0.6024,0.6635,0.5977,36
adult,64,0.01,0.0,3e-05,0.97,1,0,20,3,3,mlp2,1,1,0,2000,0,18,200,XGB,sex,b_grad,0,100,100,gauss_noise,0.05,1.0,0.05,victim_only,both,0,0.0,0.005,0.05,0.05,0,10,0.3,1,5,0,res_s1_adult.csv,cuda,0.8426,0.8998,0.7083,0.5867,0.6635,0.5099,9
adult,64,0.01,0.0,3e-05,0.97,1,0,20,3,3,mlp2,1,1,0,2000,0,18,200,XGB,sex,b_output,0,100,100,gauss_noise,0.05,1.0,0.05,victim_only,both,0,0.0,0.005,0.05,0.05,0,10,0.3,1,5,0,res_s1_adult.csv,cuda,0.8426,0.8998,0.7083,0.5867,0.6635,0.6405,8
adult,64,0.01,0.0,3e-05,0.97,1,0,20,3,3,mlp2,1,1,0,2000,0,18,200,XGB,sex,a_grad,0,100,100,gauss_noise,0.05,1.0,0.05,victim_only,both,0,0.0,0.005,0.05,0.05,0,10,0.3,1,5,0,res_s1_adult.csv,cuda,0.8426,0.8998,0.7083,0.5867,0.6635,0.6596,8
adult,64,0.01,0.0,3e-05,0.97,1,0,20,3,3,mlp2,1,1,0,2000,0,18,200,XGB,sex,a_output,0,100,100,gauss_noise,0.05,1.0,0.05,victim_only,both,0,0.0,0.005,0.05,0.05,0,10,0.3,1,5,0,res_s1_adult.csv,cuda,0.8426,0.8998,0.7083,0.5867,0.6635,0.6645,7
adult,64,0.01,0.0,3e-05,0.97,1,0,20,3,3,mlp2,1,1,0,2000,0,18,200,en-XGB,sex,all,0,100,100,gauss_noise,0.05,1.0,0.05,victim_only,both,0,0.0,0.005,0.05,0.05,0,10,0.3,1,5,0,res_s1_adult.csv,cuda,0.8426,0.8998,0.7083,0.5867,0.6635,0.6259,36
adult,64,0.01,0.0,3e-05,0.97,1,0,20,4,3,mlp2,1,1,0,2000,0,18,200,XGB,sex,b_grad,0,100,100,gauss_noise,0.05,1.0,0.05,victim_only,both,0,0.0,0.005,0.05,0.05,0,10,0.3,1,5,0,res_s1_adult.csv,cuda,0.8428,0.8992,0.7080,0.5889,0.6635,0.4703,9
adult,64,0.01,0.0,3e-05,0.97,1,0,20,4,3,mlp2,1,1,0,2000,0,18,200,XGB,sex,b_output,0,100,100,gauss_noise,0.05,1.0,0.05,victim_only,both,0,0.0,0.005,0.05,0.05,0,10,0.3,1,5,0,res_s1_adult.csv,cuda,0.8428,0.8992,0.7080,0.5889,0.6635,0.6571,8
adult,64,0.01,0.0,3e-05,0.97,1,0,20,4,3,mlp2,1,1,0,2000,0,18,200,XGB,sex,a_grad,0,100,100,gauss_noise,0.05,1.0,0.05,victim_only,both,0,0.0,0.005,0.05,0.05,0,10,0.3,1,5,0,res_s1_adult.csv,cuda,0.8428,0.8992,0.7080,0.5889,0.6635,0.6854,8
adult,64,0.01,0.0,3e-05,0.97,1,0,20,4,3,mlp2,1,1,0,2000,0,18,200,XGB,sex,a_output,0,100,100,gauss_noise,0.05,1.0,0.05,victim_only,both,0,0.0,0.005,0.05,0.05,0,10,0.3,1,5,0,res_s1_adult.csv,cuda,0.8428,0.8992,0.7080,0.5889,0.6635,0.6892,8
adult,64,0.01,0.0,3e-05,0.97,1,0,20,4,3,mlp2,1,1,0,2000,0,18,200,en-XGB,sex,all,0,100,100,gauss_noise,0.05,1.0,0.05,victim_only,both,0,0.0,0.005,0.05,0.05,0,10,0.3,1,5,0,res_s1_adult.csv,cuda,0.8428,0.8992,0.7080,0.5889,0.6635,0.6383,36
adult,64,0.01,0.0,3e-05,0.97,1,0,20,0,3,mlp2,1,1,0,2000,0,18,200,XGB,sex,b_grad,0,100,100,gauss_noise,0.05,1.0,0.05,both,both,0,0.0,0.005,0.05,0.05,0,10,0.3,1,5,0,res_s1_adult.csv,cuda,0.8411,0.8959,0.6994,0.5949,0.6635,0.5002,9
adult,64,0.01,0.0,3e-05,0.97,1,0,20,0,3,mlp2,1,1,0,2000,0,18,200,XGB,sex,b_output,0,100,100,gauss_noise,0.05,1.0,0.05,both,both,0,0.0,0.005,0.05,0.05,0,10,0.3,1,5,0,res_s1_adult.csv,cuda,0.8411,0.8959,0.6994,0.5949,0.6635,0.6550,8
adult,64,0.01,0.0,3e-05,0.97,1,0,20,0,3,mlp2,1,1,0,2000,0,18,200,XGB,sex,a_grad,0,100,100,gauss_noise,0.05,1.0,0.05,both,both,0,0.0,0.005,0.05,0.05,0,10,0.3,1,5,0,res_s1_adult.csv,cuda,0.8411,0.8959,0.6994,0.5949,0.6635,0.5323,9
adult,64,0.01,0.0,3e-05,0.97,1,0,20,0,3,mlp2,1,1,0,2000,0,18,200,XGB,sex,a_output,0,100,100,gauss_noise,0.05,1.0,0.05,both,both,0,0.0,0.005,0.05,0.05,0,10,0.3,1,5,0,res_s1_adult.csv,cuda,0.8411,0.8959,0.6994,0.5949,0.6635,0.6657,7
adult,64,0.01,0.0,3e-05,0.97,1,0,20,0,3,mlp2,1,1,0,2000,0,18,200,en-XGB,sex,all,0,100,100,gauss_noise,0.05,1.0,0.05,both,both,0,0.0,0.005,0.05,0.05,0,10,0.3,1,5,0,res_s1_adult.csv,cuda,0.8411,0.8959,0.6994,0.5949,0.6635,0.5749,36
adult,64,0.01,0.0,3e-05,0.97,1,0,20,1,3,mlp2,1,1,0,2000,0,18,200,XGB,sex,b_grad,0,100,100,gauss_noise,0.05,1.0,0.05,both,both,0,0.0,0.005,0.05,0.05,0,10,0.3,1,5,0,res_s1_adult.csv,cuda,0.8407,0.8954,0.6944,0.6024,0.6635,0.5727,9
adult,64,0.01,0.0,3e-05,0.97,1,0,20,1,3,mlp2,1,1,0,2000,0,18,200,XGB,sex,b_output,0,100,100,gauss_noise,0.05,1.0,0.05,both,both,0,0.0,0.005,0.05,0.05,0,10,0.3,1,5,0,res_s1_adult.csv,cuda,0.8407,0.8954,0.6944,0.6024,0.6635,0.6914,8
adult,64,0.01,0.0,3e-05,0.97,1,0,20,1,3,mlp2,1,1,0,2000,0,18,200,XGB,sex,a_grad,0,100,100,gauss_noise,0.05,1.0,0.05,both,both,0,0.0,0.005,0.05,0.05,0,10,0.3,1,5,0,res_s1_adult.csv,cuda,0.8407,0.8954,0.6944,0.6024,0.6635,0.5268,9
adult,64,0.01,0.0,3e-05,0.97,1,0,20,1,3,mlp2,1,1,0,2000,0,18,200,XGB,sex,a_output,0,100,100,gauss_noise,0.05,1.0,0.05,both,both,0,0.0,0.005,0.05,0.05,0,10,0.3,1,5,0,res_s1_adult.csv,cuda,0.8407,0.8954,0.6944,0.6024,0.6635,0.6640,7
adult,64,0.01,0.0,3e-05,0.97,1,0,20,1,3,mlp2,1,1,0,2000,0,18,200,en-XGB,sex,all,0,100,100,gauss_noise,0.05,1.0,0.05,both,both,0,0.0,0.005,0.05,0.05,0,10,0.3,1,5,0,res_s1_adult.csv,cuda,0.8407,0.8954,0.6944,0.6024,0.6635,0.5950,36
adult,64,0.01,0.0,3e-05,0.97,1,0,20,2,3,mlp2,1,1,0,2000,0,18,200,XGB,sex,b_grad,0,100,100,gauss_noise,0.05,1.0,0.05,both,both,0,0.0,0.005,0.05,0.05,0,10,0.3,1,5,0,res_s1_adult.csv,cuda,0.8426,0.8987,0.7043,0.5949,0.6635,0.4990,8
adult,64,0.01,0.0,3e-05,0.97,1,0,20,2,3,mlp2,1,1,0,2000,0,18,200,XGB,sex,b_output,0,100,100,gauss_noise,0.05,1.0,0.05,both,both,0,0.0,0.005,0.05,0.05,0,10,0.3,1,5,0,res_s1_adult.csv,cuda,0.8426,0.8987,0.7043,0.5949,0.6635,0.6503,8
adult,64,0.01,0.0,3e-05,0.97,1,0,20,2,3,mlp2,1,1,0,2000,0,18,200,XGB,sex,a_grad,0,100,100,gauss_noise,0.05,1.0,0.05,both,both,0,0.0,0.005,0.05,0.05,0,10,0.3,1,5,0,res_s1_adult.csv,cuda,0.8426,0.8987,0.7043,0.5949,0.6635,0.5312,9
adult,64,0.01,0.0,3e-05,0.97,1,0,20,2,3,mlp2,1,1,0,2000,0,18,200,XGB,sex,a_output,0,100,100,gauss_noise,0.05,1.0,0.05,both,both,0,0.0,0.005,0.05,0.05,0,10,0.3,1,5,0,res_s1_adult.csv,cuda,0.8426,0.8987,0.7043,0.5949,0.6635,0.6740,9
adult,64,0.01,0.0,3e-05,0.97,1,0,20,2,3,mlp2,1,1,0,2000,0,18,200,en-XGB,sex,all,0,100,100,gauss_noise,0.05,1.0,0.05,both,both,0,0.0,0.005,0.05,0.05,0,10,0.3,1,5,0,res_s1_adult.csv,cuda,0.8426,0.8987,0.7043,0.5949,0.6635,0.5976,36
adult,64,0.01,0.0,3e-05,0.97,1,0,20,3,3,mlp2,1,1,0,2000,0,18,200,XGB,sex,b_grad,0,100,100,gauss_noise,0.05,1.0,0.05,both,both,0,0.0,0.005,0.05,0.05,0,10,0.3,1,5,0,res_s1_adult.csv,cuda,0.8401,0.8982,0.6817,0.6286,0.6635,0.5261,9
adult,64,0.01,0.0,3e-05,0.97,1,0,20,3,3,mlp2,1,1,0,2000,0,18,200,XGB,sex,b_output,0,100,100,gauss_noise,0.05,1.0,0.05,both,both,0,0.0,0.005,0.05,0.05,0,10,0.3,1,5,0,res_s1_adult.csv,cuda,0.8401,0.8982,0.6817,0.6286,0.6635,0.6321,9
adult,64,0.01,0.0,3e-05,0.97,1,0,20,3,3,mlp2,1,1,0,2000,0,18,200,XGB,sex,a_grad,0,100,100,gauss_noise,0.05,1.0,0.05,both,both,0,0.0,0.005,0.05,0.05,0,10,0.3,1,5,0,res_s1_adult.csv,cuda,0.8401,0.8982,0.6817,0.6286,0.6635,0.4605,9
adult,64,0.01,0.0,3e-05,0.97,1,0,20,3,3,mlp2,1,1,0,2000,0,18,200,XGB,sex,a_output,0,100,100,gauss_noise,0.05,1.0,0.05,both,both,0,0.0,0.005,0.05,0.05,0,10,0.3,1,5,0,res_s1_adult.csv,cuda,0.8401,0.8982,0.6817,0.6286,0.6635,0.6572,7
adult,64,0.01,0.0,3e-05,0.97,1,0,20,3,3,mlp2,1,1,0,2000,0,18,200,en-XGB,sex,all,0,100,100,gauss_noise,0.05,1.0,0.05,both,both,0,0.0,0.005,0.05,0.05,0,10,0.3,1,5,0,res_s1_adult.csv,cuda,0.8401,0.8982,0.6817,0.6286,0.6635,0.5611,36
adult,64,0.01,0.0,3e-05,0.97,1,0,20,4,3,mlp2,1,1,0,2000,0,18,200,XGB,sex,b_grad,0,100,100,gauss_noise,0.05,1.0,0.05,both,both,0,0.0,0.005,0.05,0.05,0,10,0.3,1,5,0,res_s1_adult.csv,cuda,0.8438,0.8989,0.7173,0.5783,0.6635,0.4754,9
adult,64,0.01,0.0,3e-05,0.97,1,0,20,4,3,mlp2,1,1,0,2000,0,18,200,XGB,sex,b_output,0,100,100,gauss_noise,0.05,1.0,0.05,both,both,0,0.0,0.005,0.05,0.05,0,10,0.3,1,5,0,res_s1_adult.csv,cuda,0.8438,0.8989,0.7173,0.5783,0.6635,0.6194,9
adult,64,0.01,0.0,3e-05,0.97,1,0,20,4,3,mlp2,1,1,0,2000,0,18,200,XGB,sex,a_grad,0,100,100,gauss_noise,0.05,1.0,0.05,both,both,0,0.0,0.005,0.05,0.05,0,10,0.3,1,5,0,res_s1_adult.csv,cuda,0.8438,0.8989,0.7173,0.5783,0.6635,0.5056,9
adult,64,0.01,0.0,3e-05,0.97,1,0,20,4,3,mlp2,1,1,0,2000,0,18,200,XGB,sex,a_output,0,100,100,gauss_noise,0.05,1.0,0.05,both,both,0,0.0,0.005,0.05,0.05,0,10,0.3,1,5,0,res_s1_adult.csv,cuda,0.8438,0.8989,0.7173,0.5783,0.6635,0.6460,8
adult,64,0.01,0.0,3e-05,0.97,1,0,20,4,3,mlp2,1,1,0,2000,0,18,200,en-XGB,sex,all,0,100,100,gauss_noise,0.05,1.0,0.05,both,both,0,0.0,0.005,0.05,0.05,0,10,0.3,1,5,0,res_s1_adult.csv,cuda,0.8438,0.8989,0.7173,0.5783,0.6635,0.5653,36
adult,64,0.01,0.0,3e-05,0.97,1,0,20,0,3,mlp2,1,1,0,2000,0,18,200,XGB,sex,b_grad,0,100,100,gauss_noise,0.0,1.0,0.1,victim_only,output,0,0.0,0.005,0.05,0.05,0,10,0.3,1,5,0,res_s1_adult.csv,cuda,0.8438,0.8992,0.7153,0.5821,0.6635,0.6385,8
adult,64,0.01,0.0,3e-05,0.97,1,0,20,0,3,mlp2,1,1,0,2000,0,18,200,XGB,sex,b_output,0,100,100,gauss_noise,0.0,1.0,0.1,victim_only,output,0,0.0,0.005,0.05,0.05,0,10,0.3,1,5,0,res_s1_adult.csv,cuda,0.8438,0.8992,0.7153,0.5821,0.6635,0.6692,8
adult,64,0.01,0.0,3e-05,0.97,1,0,20,0,3,mlp2,1,1,0,2000,0,18,200,XGB,sex,a_grad,0,100,100,gauss_noise,0.0,1.0,0.1,victim_only,output,0,0.0,0.005,0.05,0.05,0,10,0.3,1,5,0,res_s1_adult.csv,cuda,0.8438,0.8992,0.7153,0.5821,0.6635,0.6319,8
adult,64,0.01,0.0,3e-05,0.97,1,0,20,0,3,mlp2,1,1,0,2000,0,18,200,XGB,sex,a_output,0,100,100,gauss_noise,0.0,1.0,0.1,victim_only,output,0,0.0,0.005,0.05,0.05,0,10,0.3,1,5,0,res_s1_adult.csv,cuda,0.8438,0.8992,0.7153,0.5821,0.6635,0.6498,8
adult,64,0.01,0.0,3e-05,0.97,1,0,20,0,3,mlp2,1,1,0,2000,0,18,200,en-XGB,sex,all,0,100,100,gauss_noise,0.0,1.0,0.1,victim_only,output,0,0.0,0.005,0.05,0.05,0,10,0.3,1,5,0,res_s1_adult.csv,cuda,0.8438,0.8992,0.7153,0.5821,0.6635,0.6495,36
adult,64,0.01,0.0,3e-05,0.97,1,0,20,1,3,mlp2,1,1,0,2000,0,18,200,XGB,sex,b_grad,0,100,100,gauss_noise,0.0,1.0,0.1,victim_only,output,0,0.0,0.005,0.05,0.05,0,10,0.3,1,5,0,res_s1_adult.csv,cuda,0.8439,0.9008,0.7169,0.5796,0.6635,0.6925,8
adult,64,0.01,0.0,3e-05,0.97,1,0,20,1,3,mlp2,1,1,0,2000,0,18,200,XGB,sex,b_output,0,100,100,gauss_noise,0.0,1.0,0.1,victim_only,output,0,0.0,0.005,0.05,0.05,0,10,0.3,1,5,0,res_s1_adult.csv,cuda,0.8439,0.9008,0.7169,0.5796,0.6635,0.6730,9
adult,64,0.01,0.0,3e-05,0.97,1,0,20,1,3,mlp2,1,1,0,2000,0,18,200,XGB,sex,a_grad,0,100,100,gauss_noise,0.0,1.0,0.1,victim_only,output,0,0.0,0.005,0.05,0.05,0,10,0.3,1,5,0,res_s1_adult.csv,cuda,0.8439,0.9008,0.7169,0.5796,0.6635,0.6874,8
adult,64,0.01,0.0,3e-05,0.97,1,0,20,1,3,mlp2,1,1,0,2000,0,18,200,XGB,sex,a_output,0,100,100,gauss_noise,0.0,1.0,0.1,victim_only,output,0,0.0,0.005,0.05,0.05,0,10,0.3,1,5,0,res_s1_adult.csv,cuda,0.8439,0.9008,0.7169,0.5796,0.6635,0.6802,7
adult,64,0.01,0.0,3e-05,0.97,1,0,20,1,3,mlp2,1,1,0,2000,0,18,200,en-XGB,sex,all,0,100,100,gauss_noise,0.0,1.0,0.1,victim_only,output,0,0.0,0.005,0.05,0.05,0,10,0.3,1,5,0,res_s1_adult.csv,cuda,0.8439,0.9008,0.7169,0.5796,0.6635,0.6798,36
adult,64,0.01,0.0,3e-05,0.97,1,0,20,2,3,mlp2,1,1,0,2000,0,18,200,XGB,sex,b_grad,0,100,100,gauss_noise,0.0,1.0,0.1,victim_only,output,0,0.0,0.005,0.05,0.05,0,10,0.3,1,5,0,res_s1_adult.csv,cuda,0.8447,0.9010,0.7170,0.5846,0.6635,0.6735,8
adult,64,0.01,0.0,3e-05,0.97,1,0,20,2,3,mlp2,1,1,0,2000,0,18,200,XGB,sex,b_output,0,100,100,gauss_noise,0.0,1.0,0.1,victim_only,output,0,0.0,0.005,0.05,0.05,0,10,0.3,1,5,0,res_s1_adult.csv,cuda,0.8447,0.9010,0.7170,0.5846,0.6635,0.6463,9
adult,64,0.01,0.0,3e-05,0.97,1,0,20,2,3,mlp2,1,1,0,2000,0,18,200,XGB,sex,a_grad,0,100,100,gauss_noise,0.0,1.0,0.1,victim_only,output,0,0.0,0.005,0.05,0.05,0,10,0.3,1,5,0,res_s1_adult.csv,cuda,0.8447,0.9010,0.7170,0.5846,0.6635,0.6744,8
adult,64,0.01,0.0,3e-05,0.97,1,0,20,2,3,mlp2,1,1,0,2000,0,18,200,XGB,sex,a_output,0,100,100,gauss_noise,0.0,1.0,0.1,victim_only,output,0,0.0,0.005,0.05,0.05,0,10,0.3,1,5,0,res_s1_adult.csv,cuda,0.8447,0.9010,0.7170,0.5846,0.6635,0.6765,8
adult,64,0.01,0.0,3e-05,0.97,1,0,20,2,3,mlp2,1,1,0,2000,0,18,200,en-XGB,sex,all,0,100,100,gauss_noise,0.0,1.0,0.1,victim_only,output,0,0.0,0.005,0.05,0.05,0,10,0.3,1,5,0,res_s1_adult.csv,cuda,0.8447,0.9010,0.7170,0.5846,0.6635,0.6640,32
adult,64,0.01,0.0,3e-05,0.97,1,0,20,3,3,mlp2,1,1,0,2000,0,18,200,XGB,sex,b_grad,0,100,100,gauss_noise,0.0,1.0,0.1,victim_only,output,0,0.0,0.005,0.05,0.05,0,10,0.3,1,5,0,res_s1_adult.csv,cuda,0.8441,0.9014,0.7153,0.5842,0.6635,0.6466,8
adult,64,0.01,0.0,3e-05,0.97,1,0,20,3,3,mlp2,1,1,0,2000,0,18,200,XGB,sex,b_output,0,100,100,gauss_noise,0.0,1.0,0.1,victim_only,output,0,0.0,0.005,0.05,0.05,0,10,0.3,1,5,0,res_s1_adult.csv,cuda,0.8441,0.9014,0.7153,0.5842,0.6635,0.6401,9
adult,64,0.01,0.0,3e-05,0.97,1,0,20,3,3,mlp2,1,1,0,2000,0,18,200,XGB,sex,a_grad,0,100,100,gauss_noise,0.0,1.0,0.1,victim_only,output,0,0.0,0.005,0.05,0.05,0,10,0.3,1,5,0,res_s1_adult.csv,cuda,0.8441,0.9014,0.7153,0.5842,0.6635,0.6536,8
adult,64,0.01,0.0,3e-05,0.97,1,0,20,3,3,mlp2,1,1,0,2000,0,18,200,XGB,sex,a_output,0,100,100,gauss_noise,0.0,1.0,0.1,victim_only,output,0,0.0,0.005,0.05,0.05,0,10,0.3,1,5,0,res_s1_adult.csv,cuda,0.8441,0.9014,0.7153,0.5842,0.6635,0.6782,7
adult,64,0.01,0.0,3e-05,0.97,1,0,20,3,3,mlp2,1,1,0,2000,0,18,200,en-XGB,sex,all,0,100,100,gauss_noise,0.0,1.0,0.1,victim_only,output,0,0.0,0.005,0.05,0.05,0,10,0.3,1,5,0,res_s1_adult.csv,cuda,0.8441,0.9014,0.7153,0.5842,0.6635,0.6597,36
adult,64,0.01,0.0,3e-05,0.97,1,0,20,4,3,mlp2,1,1,0,2000,0,18,200,XGB,sex,b_grad,0,100,100,gauss_noise,0.0,1.0,0.1,victim_only,output,0,0.0,0.005,0.05,0.05,0,10,0.3,1,5,0,res_s1_adult.csv,cuda,0.8440,0.9004,0.7134,0.5867,0.6635,0.7011,8
adult,64,0.01,0.0,3e-05,0.97,1,0,20,4,3,mlp2,1,1,0,2000,0,18,200,XGB,sex,b_output,0,100,100,gauss_noise,0.0,1.0,0.1,victim_only,output,0,0.0,0.005,0.05,0.05,0,10,0.3,1,5,0,res_s1_adult.csv,cuda,0.8440,0.9004,0.7134,0.5867,0.6635,0.6604,8
adult,64,0.01,0.0,3e-05,0.97,1,0,20,4,3,mlp2,1,1,0,2000,0,18,200,XGB,sex,a_grad,0,100,100,gauss_noise,0.0,1.0,0.1,victim_only,output,0,0.0,0.005,0.05,0.05,0,10,0.3,1,5,0,res_s1_adult.csv,cuda,0.8440,0.9004,0.7134,0.5867,0.6635,0.6804,8
adult,64,0.01,0.0,3e-05,0.97,1,0,20,4,3,mlp2,1,1,0,2000,0,18,200,XGB,sex,a_output,0,100,100,gauss_noise,0.0,1.0,0.1,victim_only,output,0,0.0,0.005,0.05,0.05,0,10,0.3,1,5,0,res_s1_adult.csv,cuda,0.8440,0.9004,0.7134,0.5867,0.6635,0.6739,7
adult,64,0.01,0.0,3e-05,0.97,1,0,20,4,3,mlp2,1,1,0,2000,0,18,200,en-XGB,sex,all,0,100,100,gauss_noise,0.0,1.0,0.1,victim_only,output,0,0.0,0.005,0.05,0.05,0,10,0.3,1,5,0,res_s1_adult.csv,cuda,0.8440,0.9004,0.7134,0.5867,0.6635,0.6736,32
adult,64,0.01,0.0,3e-05,0.97,1,0,20,0,3,mlp2,1,1,0,2000,0,18,200,XGB,sex,b_grad,0,100,100,gauss_noise,0.0,1.0,0.2,victim_only,output,0,0.0,0.005,0.05,0.05,0,10,0.3,1,5,0,res_s1_adult.csv,cuda,0.8424,0.8977,0.7114,0.5796,0.6635,0.6337,8
adult,64,0.01,0.0,3e-05,0.97,1,0,20,0,3,mlp2,1,1,0,2000,0,18,200,XGB,sex,b_output,0,100,100,gauss_noise,0.0,1.0,0.2,victim_only,output,0,0.0,0.005,0.05,0.05,0,10,0.3,1,5,0,res_s1_adult.csv,cuda,0.8424,0.8977,0.7114,0.5796,0.6635,0.6659,8
adult,64,0.01,0.0,3e-05,0.97,1,0,20,0,3,mlp2,1,1,0,2000,0,18,200,XGB,sex,a_grad,0,100,100,gauss_noise,0.0,1.0,0.2,victim_only,output,0,0.0,0.005,0.05,0.05,0,10,0.3,1,5,0,res_s1_adult.csv,cuda,0.8424,0.8977,0.7114,0.5796,0.6635,0.6352,8
adult,64,0.01,0.0,3e-05,0.97,1,0,20,0,3,mlp2,1,1,0,2000,0,18,200,XGB,sex,a_output,0,100,100,gauss_noise,0.0,1.0,0.2,victim_only,output,0,0.0,0.005,0.05,0.05,0,10,0.3,1,5,0,res_s1_adult.csv,cuda,0.8424,0.8977,0.7114,0.5796,0.6635,0.6473,8
adult,64,0.01,0.0,3e-05,0.97,1,0,20,0,3,mlp2,1,1,0,2000,0,18,200,en-XGB,sex,all,0,100,100,gauss_noise,0.0,1.0,0.2,victim_only,output,0,0.0,0.005,0.05,0.05,0,10,0.3,1,5,0,res_s1_adult.csv,cuda,0.8424,0.8977,0.7114,0.5796,0.6635,0.6500,32
adult,64,0.01,0.0,3e-05,0.97,1,0,20,1,3,mlp2,1,1,0,2000,0,18,200,XGB,sex,b_grad,0,100,100,gauss_noise,0.0,1.0,0.2,victim_only,output,0,0.0,0.005,0.05,0.05,0,10,0.3,1,5,0,res_s1_adult.csv,cuda,0.8430,0.8995,0.7148,0.5774,0.6635,0.7019,8
adult,64,0.01,0.0,3e-05,0.97,1,0,20,1,3,mlp2,1,1,0,2000,0,18,200,XGB,sex,b_output,0,100,100,gauss_noise,0.0,1.0,0.2,victim_only,output,0,0.0,0.005,0.05,0.05,0,10,0.3,1,5,0,res_s1_adult.csv,cuda,0.8430,0.8995,0.7148,0.5774,0.6635,0.6628,9
adult,64,0.01,0.0,3e-05,0.97,1,0,20,1,3,mlp2,1,1,0,2000,0,18,200,XGB,sex,a_grad,0,100,100,gauss_noise,0.0,1.0,0.2,victim_only,output,0,0.0,0.005,0.05,0.05,0,10,0.3,1,5,0,res_s1_adult.csv,cuda,0.8430,0.8995,0.7148,0.5774,0.6635,0.6942,8
adult,64,0.01,0.0,3e-05,0.97,1,0,20,1,3,mlp2,1,1,0,2000,0,18,200,XGB,sex,a_output,0,100,100,gauss_noise,0.0,1.0,0.2,victim_only,output,0,0.0,0.005,0.05,0.05,0,10,0.3,1,5,0,res_s1_adult.csv,cuda,0.8430,0.8995,0.7148,0.5774,0.6635,0.6746,7
adult,64,0.01,0.0,3e-05,0.97,1,0,20,1,3,mlp2,1,1,0,2000,0,18,200,en-XGB,sex,all,0,100,100,gauss_noise,0.0,1.0,0.2,victim_only,output,0,0.0,0.005,0.05,0.05,0,10,0.3,1,5,0,res_s1_adult.csv,cuda,0.8430,0.8995,0.7148,0.5774,0.6635,0.6825,32
adult,64,0.01,0.0,3e-05,0.97,1,0,20,2,3,mlp2,1,1,0,2000,0,18,200,XGB,sex,b_grad,0,100,100,gauss_noise,0.0,1.0,0.2,victim_only,output,0,0.0,0.005,0.05,0.05,0,10,0.3,1,5,0,res_s1_adult.csv,cuda,0.8444,0.9001,0.7176,0.5814,0.6635,0.6791,8
adult,64,0.01,0.0,3e-05,0.97,1,0,20,2,3,mlp2,1,1,0,2000,0,18,200,XGB,sex,b_output,0,100,100,gauss_noise,0.0,1.0,0.2,victim_only,output,0,0.0,0.005,0.05,0.05,0,10,0.3,1,5,0,res_s1_adult.csv,cuda,0.8444,0.9001,0.7176,0.5814,0.6635,0.6898,9
adult,64,0.01,0.0,3e-05,0.97,1,0,20,2,3,mlp2,1,1,0,2000,0,18,200,XGB,sex,a_grad,0,100,100,gauss_noise,0.0,1.0,0.2,victim_only,output,0,0.0,0.005,0.05,0.05,0,10,0.3,1,5,0,res_s1_adult.csv,cuda,0.8444,0.9001,0.7176,0.5814,0.6635,0.6889,8
adult,64,0.01,0.0,3e-05,0.97,1,0,20,2,3,mlp2,1,1,0,2000,0,18,200,XGB,sex,a_output,0,100,100,gauss_noise,0.0,1.0,0.2,victim_only,output,0,0.0,0.005,0.05,0.05,0,10,0.3,1,5,0,res_s1_adult.csv,cuda,0.8444,0.9001,0.7176,0.5814,0.6635,0.6813,7
adult,64,0.01,0.0,3e-05,0.97,1,0,20,2,3,mlp2,1,1,0,2000,0,18,200,en-XGB,sex,all,0,100,100,gauss_noise,0.0,1.0,0.2,victim_only,output,0,0.0,0.005,0.05,0.05,0,10,0.3,1,5,0,res_s1_adult.csv,cuda,0.8444,0.9001,0.7176,0.5814,0.6635,0.6686,32
adult,64,0.01,0.0,3e-05,0.97,1,0,20,3,3,mlp2,1,1,0,2000,0,18,200,XGB,sex,b_grad,0,100,100,gauss_noise,0.0,1.0,0.2,victim_only,output,0,0.0,0.005,0.05,0.05,0,10,0.3,1,5,0,res_s1_adult.csv,cuda,0.8423,0.8993,0.7067,0.5883,0.6635,0.6516,8
adult,64,0.01,0.0,3e-05,0.97,1,0,20,3,3,mlp2,1,1,0,2000,0,18,200,XGB,sex,b_output,0,100,100,gauss_noise,0.0,1.0,0.2,victim_only,output,0,0.0,0.005,0.05,0.05,0,10,0.3,1,5,0,res_s1_adult.csv,cuda,0.8423,0.8993,0.7067,0.5883,0.6635,0.5941,9
adult,64,0.01,0.0,3e-05,0.97,1,0,20,3,3,mlp2,1,1,0,2000,0,18,200,XGB,sex,a_grad,0,100,100,gauss_noise,0.0,1.0,0.2,victim_only,output,0,0.0,0.005,0.05,0.05,0,10,0.3,1,5,0,res_s1_adult.csv,cuda,0.8423,0.8993,0.7067,0.5883,0.6635,0.6575,8
adult,64,0.01,0.0,3e-05,0.97,1,0,20,3,3,mlp2,1,1,0,2000,0,18,200,XGB,sex,a_output,0,100,100,gauss_noise,0.0,1.0,0.2,victim_only,output,0,0.0,0.005,0.05,0.05,0,10,0.3,1,5,0,res_s1_adult.csv,cuda,0.8423,0.8993,0.7067,0.5883,0.6635,0.6673,7
adult,64,0.01,0.0,3e-05,0.97,1,0,20,3,3,mlp2,1,1,0,2000,0,18,200,en-XGB,sex,all,0,100,100,gauss_noise,0.0,1.0,0.2,victim_only,output,0,0.0,0.005,0.05,0.05,0,10,0.3,1,5,0,res_s1_adult.csv,cuda,0.8423,0.8993,0.7067,0.5883,0.6635,0.6386,32
adult,64,0.01,0.0,3e-05,0.97,1,0,20,4,3,mlp2,1,1,0,2000,0,18,200,XGB,sex,b_grad,0,100,100,gauss_noise,0.0,1.0,0.2,victim_only,output,0,0.0,0.005,0.05,0.05,0,10,0.3,1,5,0,res_s1_adult.csv,cuda,0.8432,0.8992,0.7094,0.5892,0.6635,0.6966,8
adult,64,0.01,0.0,3e-05,0.97,1,0,20,4,3,mlp2,1,1,0,2000,0,18,200,XGB,sex,b_output,0,100,100,gauss_noise,0.0,1.0,0.2,victim_only,output,0,0.0,0.005,0.05,0.05,0,10,0.3,1,5,0,res_s1_adult.csv,cuda,0.8432,0.8992,0.7094,0.5892,0.6635,0.6580,8
adult,64,0.01,0.0,3e-05,0.97,1,0,20,4,3,mlp2,1,1,0,2000,0,18,200,XGB,sex,a_grad,0,100,100,gauss_noise,0.0,1.0,0.2,victim_only,output,0,0.0,0.005,0.05,0.05,0,10,0.3,1,5,0,res_s1_adult.csv,cuda,0.8432,0.8992,0.7094,0.5892,0.6635,0.6823,8
adult,64,0.01,0.0,3e-05,0.97,1,0,20,4,3,mlp2,1,1,0,2000,0,18,200,XGB,sex,a_output,0,100,100,gauss_noise,0.0,1.0,0.2,victim_only,output,0,0.0,0.005,0.05,0.05,0,10,0.3,1,5,0,res_s1_adult.csv,cuda,0.8432,0.8992,0.7094,0.5892,0.6635,0.6686,7
adult,64,0.01,0.0,3e-05,0.97,1,0,20,4,3,mlp2,1,1,0,2000,0,18,200,en-XGB,sex,all,0,100,100,gauss_noise,0.0,1.0,0.2,victim_only,output,0,0.0,0.005,0.05,0.05,0,10,0.3,1,5,0,res_s1_adult.csv,cuda,0.8432,0.8992,0.7094,0.5892,0.6635,0.6735,32
adult,64,0.01,0.0,3e-05,0.97,1,0,20,0,3,mlp2,1,1,0,2000,0,18,200,XGB,sex,b_grad,0,100,100,gauss_noise,0.0,1.0,0.5,victim_only,output,0,0.0,0.005,0.05,0.05,0,10,0.3,1,5,0,res_s1_adult.csv,cuda,0.8390,0.8945,0.7051,0.5680,0.6635,0.6349,8
adult,64,0.01,0.0,3e-05,0.97,1,0,20,0,3,mlp2,1,1,0,2000,0,18,200,XGB,sex,b_output,0,100,100,gauss_noise,0.0,1.0,0.5,victim_only,output,0,0.0,0.005,0.05,0.05,0,10,0.3,1,5,0,res_s1_adult.csv,cuda,0.8390,0.8945,0.7051,0.5680,0.6635,0.6625,8
adult,64,0.01,0.0,3e-05,0.97,1,0,20,0,3,mlp2,1,1,0,2000,0,18,200,XGB,sex,a_grad,0,100,100,gauss_noise,0.0,1.0,0.5,victim_only,output,0,0.0,0.005,0.05,0.05,0,10,0.3,1,5,0,res_s1_adult.csv,cuda,0.8390,0.8945,0.7051,0.5680,0.6635,0.6349,8
adult,64,0.01,0.0,3e-05,0.97,1,0,20,0,3,mlp2,1,1,0,2000,0,18,200,XGB,sex,a_output,0,100,100,gauss_noise,0.0,1.0,0.5,victim_only,output,0,0.0,0.005,0.05,0.05,0,10,0.3,1,5,0,res_s1_adult.csv,cuda,0.8390,0.8945,0.7051,0.5680,0.6635,0.6636,7
adult,64,0.01,0.0,3e-05,0.97,1,0,20,0,3,mlp2,1,1,0,2000,0,18,200,en-XGB,sex,all,0,100,100,gauss_noise,0.0,1.0,0.5,victim_only,output,0,0.0,0.005,0.05,0.05,0,10,0.3,1,5,0,res_s1_adult.csv,cuda,0.8390,0.8945,0.7051,0.5680,0.6635,0.6601,32
adult,64,0.01,0.0,3e-05,0.97,1,0,20,1,3,mlp2,1,1,0,2000,0,18,200,XGB,sex,b_grad,0,100,100,gauss_noise,0.0,1.0,0.5,victim_only,output,0,0.0,0.005,0.05,0.05,0,10,0.3,1,5,0,res_s1_adult.csv,cuda,0.8381,0.8954,0.6986,0.5746,0.6635,0.6958,8
adult,64,0.01,0.0,3e-05,0.97,1,0,20,1,3,mlp2,1,1,0,2000,0,18,200,XGB,sex,b_output,0,100,100,gauss_noise,0.0,1.0,0.5,victim_only,output,0,0.0,0.005,0.05,0.05,0,10,0.3,1,5,0,res_s1_adult.csv,cuda,0.8381,0.8954,0.6986,0.5746,0.6635,0.6103,9
adult,64,0.01,0.0,3e-05,0.97,1,0,20,1,3,mlp2,1,1,0,2000,0,18,200,XGB,sex,a_grad,0,100,100,gauss_noise,0.0,1.0,0.5,victim_only,output,0,0.0,0.005,0.05,0.05,0,10,0.3,1,5,0,res_s1_adult.csv,cuda,0.8381,0.8954,0.6986,0.5746,0.6635,0.6887,8
adult,64,0.01,0.0,3e-05,0.97,1,0,20,1,3,mlp2,1,1,0,2000,0,18,200,XGB,sex,a_output,0,100,100,gauss_noise,0.0,1.0,0.5,victim_only,output,0,0.0,0.005,0.05,0.05,0,10,0.3,1,5,0,res_s1_adult.csv,cuda,0.8381,0.8954,0.6986,0.5746,0.6635,0.6786,7
adult,64,0.01,0.0,3e-05,0.97,1,0,20,1,3,mlp2,1,1,0,2000,0,18,200,en-XGB,sex,all,0,100,100,gauss_noise,0.0,1.0,0.5,victim_only,output,0,0.0,0.005,0.05,0.05,0,10,0.3,1,5,0,res_s1_adult.csv,cuda,0.8381,0.8954,0.6986,0.5746,0.6635,0.6735,32
adult,64,0.01,0.0,3e-05,0.97,1,0,20,2,3,mlp2,1,1,0,2000,0,18,200,XGB,sex,b_grad,0,100,100,gauss_noise,0.0,1.0,0.5,victim_only,output,0,0.0,0.005,0.05,0.05,0,10,0.3,1,5,0,res_s1_adult.csv,cuda,0.8404,0.8971,0.6947,0.5996,0.6635,0.6689,8
adult,64,0.01,0.0,3e-05,0.97,1,0,20,2,3,mlp2,1,1,0,2000,0,18,200,XGB,sex,b_output,0,100,100,gauss_noise,0.0,1.0,0.5,victim_only,output,0,0.0,0.005,0.05,0.05,0,10,0.3,1,5,0,res_s1_adult.csv,cuda,0.8404,0.8971,0.6947,0.5996,0.6635,0.6672,9
adult,64,0.01,0.0,3e-05,0.97,1,0,20,2,3,mlp2,1,1,0,2000,0,18,200,XGB,sex,a_grad,0,100,100,gauss_noise,0.0,1.0,0.5,victim_only,output,0,0.0,0.005,0.05,0.05,0,10,0.3,1,5,0,res_s1_adult.csv,cuda,0.8404,0.8971,0.6947,0.5996,0.6635,0.6788,8
adult,64,0.01,0.0,3e-05,0.97,1,0,20,2,3,mlp2,1,1,0,2000,0,18,200,XGB,sex,a_output,0,100,100,gauss_noise,0.0,1.0,0.5,victim_only,output,0,0.0,0.005,0.05,0.05,0,10,0.3,1,5,0,res_s1_adult.csv,cuda,0.8404,0.8971,0.6947,0.5996,0.6635,0.6508,7
adult,64,0.01,0.0,3e-05,0.97,1,0,20,2,3,mlp2,1,1,0,2000,0,18,200,en-XGB,sex,all,0,100,100,gauss_noise,0.0,1.0,0.5,victim_only,output,0,0.0,0.005,0.05,0.05,0,10,0.3,1,5,0,res_s1_adult.csv,cuda,0.8404,0.8971,0.6947,0.5996,0.6635,0.6604,32
adult,64,0.01,0.0,3e-05,0.97,1,0,20,3,3,mlp2,1,1,0,2000,0,18,200,XGB,sex,b_grad,0,100,100,gauss_noise,0.0,1.0,0.5,victim_only,output,0,0.0,0.005,0.05,0.05,0,10,0.3,1,5,0,res_s1_adult.csv,cuda,0.8371,0.8948,0.6926,0.5796,0.6635,0.6574,8
adult,64,0.01,0.0,3e-05,0.97,1,0,20,3,3,mlp2,1,1,0,2000,0,18,200,XGB,sex,b_output,0,100,100,gauss_noise,0.0,1.0,0.5,victim_only,output,0,0.0,0.005,0.05,0.05,0,10,0.3,1,5,0,res_s1_adult.csv,cuda,0.8371,0.8948,0.6926,0.5796,0.6635,0.5373,9
adult,64,0.01,0.0,3e-05,0.97,1,0,20,3,3,mlp2,1,1,0,2000,0,18,200,XGB,sex,a_grad,0,100,100,gauss_noise,0.0,1.0,0.5,victim_only,output,0,0.0,0.005,0.05,0.05,0,10,0.3,1,5,0,res_s1_adult.csv,cuda,0.8371,0.8948,0.6926,0.5796,0.6635,0.6626,8
adult,64,0.01,0.0,3e-05,0.97,1,0,20,3,3,mlp2,1,1,0,2000,0,18,200,XGB,sex,a_output,0,100,100,gauss_noise,0.0,1.0,0.5,victim_only,output,0,0.0,0.005,0.05,0.05,0,10,0.3,1,5,0,res_s1_adult.csv,cuda,0.8371,0.8948,0.6926,0.5796,0.6635,0.6796,7
adult,64,0.01,0.0,3e-05,0.97,1,0,20,3,3,mlp2,1,1,0,2000,0,18,200,en-XGB,sex,all,0,100,100,gauss_noise,0.0,1.0,0.5,victim_only,output,0,0.0,0.005,0.05,0.05,0,10,0.3,1,5,0,res_s1_adult.csv,cuda,0.8371,0.8948,0.6926,0.5796,0.6635,0.6363,32
adult,64,0.01,0.0,3e-05,0.97,1,0,20,4,3,mlp2,1,1,0,2000,0,18,200,XGB,sex,b_grad,0,100,100,gauss_noise,0.0,1.0,0.5,victim_only,output,0,0.0,0.005,0.05,0.05,0,10,0.3,1,5,0,res_s1_adult.csv,cuda,0.8364,0.8954,0.6772,0.6105,0.6635,0.7004,8
adult,64,0.01,0.0,3e-05,0.97,1,0,20,4,3,mlp2,1,1,0,2000,0,18,200,XGB,sex,b_output,0,100,100,gauss_noise,0.0,1.0,0.5,victim_only,output,0,0.0,0.005,0.05,0.05,0,10,0.3,1,5,0,res_s1_adult.csv,cuda,0.8364,0.8954,0.6772,0.6105,0.6635,0.5979,9
adult,64,0.01,0.0,3e-05,0.97,1,0,20,4,3,mlp2,1,1,0,2000,0,18,200,XGB,sex,a_grad,0,100,100,gauss_noise,0.0,1.0,0.5,victim_only,output,0,0.0,0.005,0.05,0.05,0,10,0.3,1,5,0,res_s1_adult.csv,cuda,0.8364,0.8954,0.6772,0.6105,0.6635,0.6975,8
adult,64,0.01,0.0,3e-05,0.97,1,0,20,4,3,mlp2,1,1,0,2000,0,18,200,XGB,sex,a_output,0,100,100,gauss_noise,0.0,1.0,0.5,victim_only,output,0,0.0,0.005,0.05,0.05,0,10,0.3,1,5,0,res_s1_adult.csv,cuda,0.8364,0.8954,0.6772,0.6105,0.6635,0.6906,7
adult,64,0.01,0.0,3e-05,0.97,1,0,20,4,3,mlp2,1,1,0,2000,0,18,200,en-XGB,sex,all,0,100,100,gauss_noise,0.0,1.0,0.5,victim_only,output,0,0.0,0.005,0.05,0.05,0,10,0.3,1,5,0,res_s1_adult.csv,cuda,0.8364,0.8954,0.6772,0.6105,0.6635,0.6753,32
adult,64,0.01,0.0,3e-05,0.97,1,0,20,0,3,mlp2,1,1,0,2000,0,18,200,XGB,sex,b_grad,0,100,100,dp_gauss,1.0,1.0,-1.0,victim_only,both,0,0.0,0.005,0.05,0.05,0,10,0.3,1,5,0,res_s1_adult.csv,cuda,0.7516,0.7782,0.4861,0.5811,0.6635,0.4273,9
adult,64,0.01,0.0,3e-05,0.97,1,0,20,0,3,mlp2,1,1,0,2000,0,18,200,XGB,sex,b_output,0,100,100,dp_gauss,1.0,1.0,-1.0,victim_only,both,0,0.0,0.005,0.05,0.05,0,10,0.3,1,5,0,res_s1_adult.csv,cuda,0.7516,0.7782,0.4861,0.5811,0.6635,0.5147,9
adult,64,0.01,0.0,3e-05,0.97,1,0,20,0,3,mlp2,1,1,0,2000,0,18,200,XGB,sex,a_grad,0,100,100,dp_gauss,1.0,1.0,-1.0,victim_only,both,0,0.0,0.005,0.05,0.05,0,10,0.3,1,5,0,res_s1_adult.csv,cuda,0.7516,0.7782,0.4861,0.5811,0.6635,0.6452,7
adult,64,0.01,0.0,3e-05,0.97,1,0,20,0,3,mlp2,1,1,0,2000,0,18,200,XGB,sex,a_output,0,100,100,dp_gauss,1.0,1.0,-1.0,victim_only,both,0,0.0,0.005,0.05,0.05,0,10,0.3,1,5,0,res_s1_adult.csv,cuda,0.7516,0.7782,0.4861,0.5811,0.6635,0.5745,8
adult,64,0.01,0.0,3e-05,0.97,1,0,20,0,3,mlp2,1,1,0,2000,0,18,200,en-XGB,sex,all,0,100,100,dp_gauss,1.0,1.0,-1.0,victim_only,both,0,0.0,0.005,0.05,0.05,0,10,0.3,1,5,0,res_s1_adult.csv,cuda,0.7516,0.7782,0.4861,0.5811,0.6635,0.5758,36
adult,64,0.01,0.0,3e-05,0.97,1,0,20,1,3,mlp2,1,1,0,2000,0,18,200,XGB,sex,b_grad,0,100,100,dp_gauss,1.0,1.0,-1.0,victim_only,both,0,0.0,0.005,0.05,0.05,0,10,0.3,1,5,0,res_s1_adult.csv,cuda,0.7591,0.7850,0.4943,0.0816,0.6635,0.4295,9
adult,64,0.01,0.0,3e-05,0.97,1,0,20,1,3,mlp2,1,1,0,2000,0,18,200,XGB,sex,b_output,0,100,100,dp_gauss,1.0,1.0,-1.0,victim_only,both,0,0.0,0.005,0.05,0.05,0,10,0.3,1,5,0,res_s1_adult.csv,cuda,0.7591,0.7850,0.4943,0.0816,0.6635,0.5389,9
adult,64,0.01,0.0,3e-05,0.97,1,0,20,1,3,mlp2,1,1,0,2000,0,18,200,XGB,sex,a_grad,0,100,100,dp_gauss,1.0,1.0,-1.0,victim_only,both,0,0.0,0.005,0.05,0.05,0,10,0.3,1,5,0,res_s1_adult.csv,cuda,0.7591,0.7850,0.4943,0.0816,0.6635,0.6844,7
adult,64,0.01,0.0,3e-05,0.97,1,0,20,1,3,mlp2,1,1,0,2000,0,18,200,XGB,sex,a_output,0,100,100,dp_gauss,1.0,1.0,-1.0,victim_only,both,0,0.0,0.005,0.05,0.05,0,10,0.3,1,5,0,res_s1_adult.csv,cuda,0.7591,0.7850,0.4943,0.0816,0.6635,0.6744,7
adult,64,0.01,0.0,3e-05,0.97,1,0,20,1,3,mlp2,1,1,0,2000,0,18,200,en-XGB,sex,all,0,100,100,dp_gauss,1.0,1.0,-1.0,victim_only,both,0,0.0,0.005,0.05,0.05,0,10,0.3,1,5,0,res_s1_adult.csv,cuda,0.7591,0.7850,0.4943,0.0816,0.6635,0.5660,40
adult,64,0.01,0.0,3e-05,0.97,1,0,20,2,3,mlp2,1,1,0,2000,0,18,200,XGB,sex,b_grad,0,100,100,dp_gauss,1.0,1.0,-1.0,victim_only,both,0,0.0,0.005,0.05,0.05,0,10,0.3,1,5,0,res_s1_adult.csv,cuda,0.7445,0.7906,0.4767,0.6440,0.6635,0.3445,9
adult,64,0.01,0.0,3e-05,0.97,1,0,20,2,3,mlp2,1,1,0,2000,0,18,200,XGB,sex,b_output,0,100,100,dp_gauss,1.0,1.0,-1.0,victim_only,both,0,0.0,0.005,0.05,0.05,0,10,0.3,1,5,0,res_s1_adult.csv,cuda,0.7445,0.7906,0.4767,0.6440,0.6635,0.4611,9
adult,64,0.01,0.0,3e-05,0.97,1,0,20,2,3,mlp2,1,1,0,2000,0,18,200,XGB,sex,a_grad,0,100,100,dp_gauss,1.0,1.0,-1.0,victim_only,both,0,0.0,0.005,0.05,0.05,0,10,0.3,1,5,0,res_s1_adult.csv,cuda,0.7445,0.7906,0.4767,0.6440,0.6635,0.6635,8
adult,64,0.01,0.0,3e-05,0.97,1,0,20,2,3,mlp2,1,1,0,2000,0,18,200,XGB,sex,a_output,0,100,100,dp_gauss,1.0,1.0,-1.0,victim_only,both,0,0.0,0.005,0.05,0.05,0,10,0.3,1,5,0,res_s1_adult.csv,cuda,0.7445,0.7906,0.4767,0.6440,0.6635,0.6572,7
adult,64,0.01,0.0,3e-05,0.97,1,0,20,2,3,mlp2,1,1,0,2000,0,18,200,en-XGB,sex,all,0,100,100,dp_gauss,1.0,1.0,-1.0,victim_only,both,0,0.0,0.005,0.05,0.05,0,10,0.3,1,5,0,res_s1_adult.csv,cuda,0.7445,0.7906,0.4767,0.6440,0.6635,0.5444,36
adult,64,0.01,0.0,3e-05,0.97,1,0,20,3,3,mlp2,1,1,0,2000,0,18,200,XGB,sex,b_grad,0,100,100,dp_gauss,1.0,1.0,-1.0,victim_only,both,0,0.0,0.005,0.05,0.05,0,10,0.3,1,5,0,res_s1_adult.csv,cuda,0.7633,0.8008,0.5085,0.4576,0.6635,0.4808,9
adult,64,0.01,0.0,3e-05,0.97,1,0,20,3,3,mlp2,1,1,0,2000,0,18,200,XGB,sex,b_output,0,100,100,dp_gauss,1.0,1.0,-1.0,victim_only,both,0,0.0,0.005,0.05,0.05,0,10,0.3,1,5,0,res_s1_adult.csv,cuda,0.7633,0.8008,0.5085,0.4576,0.6635,0.5798,9
adult,64,0.01,0.0,3e-05,0.97,1,0,20,3,3,mlp2,1,1,0,2000,0,18,200,XGB,sex,a_grad,0,100,100,dp_gauss,1.0,1.0,-1.0,victim_only,both,0,0.0,0.005,0.05,0.05,0,10,0.3,1,5,0,res_s1_adult.csv,cuda,0.7633,0.8008,0.5085,0.4576,0.6635,0.6402,8
adult,64,0.01,0.0,3e-05,0.97,1,0,20,3,3,mlp2,1,1,0,2000,0,18,200,XGB,sex,a_output,0,100,100,dp_gauss,1.0,1.0,-1.0,victim_only,both,0,0.0,0.005,0.05,0.05,0,10,0.3,1,5,0,res_s1_adult.csv,cuda,0.7633,0.8008,0.5085,0.4576,0.6635,0.6633,7
adult,64,0.01,0.0,3e-05,0.97,1,0,20,3,3,mlp2,1,1,0,2000,0,18,200,en-XGB,sex,all,0,100,100,dp_gauss,1.0,1.0,-1.0,victim_only,both,0,0.0,0.005,0.05,0.05,0,10,0.3,1,5,0,res_s1_adult.csv,cuda,0.7633,0.8008,0.5085,0.4576,0.6635,0.5758,36
adult,64,0.01,0.0,3e-05,0.97,1,0,20,4,3,mlp2,1,1,0,2000,0,18,200,XGB,sex,b_grad,0,100,100,dp_gauss,1.0,1.0,-1.0,victim_only,both,0,0.0,0.005,0.05,0.05,0,10,0.3,1,5,0,res_s1_adult.csv,cuda,0.7596,0.7675,0.0000,0.0000,0.6635,0.5117,9
adult,64,0.01,0.0,3e-05,0.97,1,0,20,4,3,mlp2,1,1,0,2000,0,18,200,XGB,sex,b_output,0,100,100,dp_gauss,1.0,1.0,-1.0,victim_only,both,0,0.0,0.005,0.05,0.05,0,10,0.3,1,5,0,res_s1_adult.csv,cuda,0.7596,0.7675,0.0000,0.0000,0.6635,0.5331,9
adult,64,0.01,0.0,3e-05,0.97,1,0,20,4,3,mlp2,1,1,0,2000,0,18,200,XGB,sex,a_grad,0,100,100,dp_gauss,1.0,1.0,-1.0,victim_only,both,0,0.0,0.005,0.05,0.05,0,10,0.3,1,5,0,res_s1_adult.csv,cuda,0.7596,0.7675,0.0000,0.0000,0.6635,0.6722,8
adult,64,0.01,0.0,3e-05,0.97,1,0,20,4,3,mlp2,1,1,0,2000,0,18,200,XGB,sex,a_output,0,100,100,dp_gauss,1.0,1.0,-1.0,victim_only,both,0,0.0,0.005,0.05,0.05,0,10,0.3,1,5,0,res_s1_adult.csv,cuda,0.7596,0.7675,0.0000,0.0000,0.6635,0.7013,7
adult,64,0.01,0.0,3e-05,0.97,1,0,20,4,3,mlp2,1,1,0,2000,0,18,200,en-XGB,sex,all,0,100,100,dp_gauss,1.0,1.0,-1.0,victim_only,both,0,0.0,0.005,0.05,0.05,0,10,0.3,1,5,0,res_s1_adult.csv,cuda,0.7596,0.7675,0.0000,0.0000,0.6635,0.6323,36
adult,64,0.01,0.0,3e-05,0.97,1,0,20,0,3,mlp2,1,1,0,2000,0,18,200,XGB,sex,b_grad,0,100,100,lap_noise,0.1,1.0,-1.0,victim_only,grad,0,0.0,0.005,0.05,0.05,0,10,0.3,1,5,0,res_s1_adult.csv,cuda,0.8339,0.8780,0.7612,0.4505,0.6635,0.4601,9
adult,64,0.01,0.0,3e-05,0.97,1,0,20,0,3,mlp2,1,1,0,2000,0,18,200,XGB,sex,b_output,0,100,100,lap_noise,0.1,1.0,-1.0,victim_only,grad,0,0.0,0.005,0.05,0.05,0,10,0.3,1,5,0,res_s1_adult.csv,cuda,0.8339,0.8780,0.7612,0.4505,0.6635,0.5600,9
adult,64,0.01,0.0,3e-05,0.97,1,0,20,0,3,mlp2,1,1,0,2000,0,18,200,XGB,sex,a_grad,0,100,100,lap_noise,0.1,1.0,-1.0,victim_only,grad,0,0.0,0.005,0.05,0.05,0,10,0.3,1,5,0,res_s1_adult.csv,cuda,0.8339,0.8780,0.7612,0.4505,0.6635,0.6436,7
adult,64,0.01,0.0,3e-05,0.97,1,0,20,0,3,mlp2,1,1,0,2000,0,18,200,XGB,sex,a_output,0,100,100,lap_noise,0.1,1.0,-1.0,victim_only,grad,0,0.0,0.005,0.05,0.05,0,10,0.3,1,5,0,res_s1_adult.csv,cuda,0.8339,0.8780,0.7612,0.4505,0.6635,0.6689,7
adult,64,0.01,0.0,3e-05,0.97,1,0,20,0,3,mlp2,1,1,0,2000,0,18,200,en-XGB,sex,all,0,100,100,lap_noise,0.1,1.0,-1.0,victim_only,grad,0,0.0,0.005,0.05,0.05,0,10,0.3,1,5,0,res_s1_adult.csv,cuda,0.8339,0.8780,0.7612,0.4505,0.6635,0.5881,36
adult,64,0.01,0.0,3e-05,0.97,1,0,20,1,3,mlp2,1,1,0,2000,0,18,200,XGB,sex,b_grad,0,100,100,lap_noise,0.1,1.0,-1.0,victim_only,grad,0,0.0,0.005,0.05,0.05,0,10,0.3,1,5,0,res_s1_adult.csv,cuda,0.7871,0.8310,0.5625,0.5152,0.6635,0.5259,9
adult,64,0.01,0.0,3e-05,0.97,1,0,20,1,3,mlp2,1,1,0,2000,0,18,200,XGB,sex,b_output,0,100,100,lap_noise,0.1,1.0,-1.0,victim_only,grad,0,0.0,0.005,0.05,0.05,0,10,0.3,1,5,0,res_s1_adult.csv,cuda,0.7871,0.8310,0.5625,0.5152,0.6635,0.5182,9
adult,64,0.01,0.0,3e-05,0.97,1,0,20,1,3,mlp2,1,1,0,2000,0,18,200,XGB,sex,a_grad,0,100,100,lap_noise,0.1,1.0,-1.0,victim_only,grad,0,0.0,0.005,0.05,0.05,0,10,0.3,1,5,0,res_s1_adult.csv,cuda,0.7871,0.8310,0.5625,0.5152,0.6635,0.6793,8
adult,64,0.01,0.0,3e-05,0.97,1,0,20,1,3,mlp2,1,1,0,2000,0,18,200,XGB,sex,a_output,0,100,100,lap_noise,0.1,1.0,-1.0,victim_only,grad,0,0.0,0.005,0.05,0.05,0,10,0.3,1,5,0,res_s1_adult.csv,cuda,0.7871,0.8310,0.5625,0.5152,0.6635,0.6451,7
adult,64,0.01,0.0,3e-05,0.97,1,0,20,1,3,mlp2,1,1,0,2000,0,18,200,en-XGB,sex,all,0,100,100,lap_noise,0.1,1.0,-1.0,victim_only,grad,0,0.0,0.005,0.05,0.05,0,10,0.3,1,5,0,res_s1_adult.csv,cuda,0.7871,0.8310,0.5625,0.5152,0.6635,0.6071,36
adult,64,0.01,0.0,3e-05,0.97,1,0,20,2,3,mlp2,1,1,0,2000,0,18,200,XGB,sex,b_grad,0,100,100,lap_noise,0.1,1.0,-1.0,victim_only,grad,0,0.0,0.005,0.05,0.05,0,10,0.3,1,5,0,res_s1_adult.csv,cuda,0.8382,0.8891,0.7260,0.5252,0.6635,0.5129,9
adult,64,0.01,0.0,3e-05,0.97,1,0,20,2,3,mlp2,1,1,0,2000,0,18,200,XGB,sex,b_output,0,100,100,lap_noise,0.1,1.0,-1.0,victim_only,grad,0,0.0,0.005,0.05,0.05,0,10,0.3,1,5,0,res_s1_adult.csv,cuda,0.8382,0.8891,0.7260,0.5252,0.6635,0.6121,8
adult,64,0.01,0.0,3e-05,0.97,1,0,20,2,3,mlp2,1,1,0,2000,0,18,200,XGB,sex,a_grad,0,100,100,lap_noise,0.1,1.0,-1.0,victim_only,grad,0,0.0,0.005,0.05,0.05,0,10,0.3,1,5,0,res_s1_adult.csv,cuda,0.8382,0.8891,0.7260,0.5252,0.6635,0.6686,8
adult,64,0.01,0.0,3e-05,0.97,1,0,20,2,3,mlp2,1,1,0,2000,0,18,200,XGB,sex,a_output,0,100,100,lap_noise,0.1,1.0,-1.0,victim_only,grad,0,0.0,0.005,0.05,0.05,0,10,0.3,1,5,0,res_s1_adult.csv,cuda,0.8382,0.8891,0.7260,0.5252,0.6635,0.6555,7
adult,64,0.01,0.0,3e-05,0.97,1,0,20,2,3,mlp2,1,1,0,2000,0,18,200,en-XGB,sex,all,0,100,100,lap_noise,0.1,1.0,-1.0,victim_only,grad,0,0.0,0.005,0.05,0.05,0,10,0.3,1,5,0,res_s1_adult.csv,cuda,0.8382,0.8891,0.7260,0.5252,0.6635,0.6163,36
adult,64,0.01,0.0,3e-05,0.97,1,0,20,3,3,mlp2,1,1,0,2000,0,18,200,XGB,sex,b_grad,0,100,100,lap_noise,0.1,1.0,-1.0,victim_only,grad,0,0.0,0.005,0.05,0.05,0,10,0.3,1,5,0,res_s1_adult.csv,cuda,0.8200,0.8707,0.6365,0.5858,0.6635,0.5283,9
adult,64,0.01,0.0,3e-05,0.97,1,0,20,3,3,mlp2,1,1,0,2000,0,18,200,XGB,sex,b_output,0,100,100,lap_noise,0.1,1.0,-1.0,victim_only,grad,0,0.0,0.005,0.05,0.05,0,10,0.3,1,5,0,res_s1_adult.csv,cuda,0.8200,0.8707,0.6365,0.5858,0.6635,0.6353,8
adult,64,0.01,0.0,3e-05,0.97,1,0,20,3,3,mlp2,1,1,0,2000,0,18,200,XGB,sex,a_grad,0,100,100,lap_noise,0.1,1.0,-1.0,victim_only,grad,0,0.0,0.005,0.05,0.05,0,10,0.3,1,5,0,res_s1_adult.csv,cuda,0.8200,0.8707,0.6365,0.5858,0.6635,0.6157,9
adult,64,0.01,0.0,3e-05,0.97,1,0,20,3,3,mlp2,1,1,0,2000,0,18,200,XGB,sex,a_output,0,100,100,lap_noise,0.1,1.0,-1.0,victim_only,grad,0,0.0,0.005,0.05,0.05,0,10,0.3,1,5,0,res_s1_adult.csv,cuda,0.8200,0.8707,0.6365,0.5858,0.6635,0.6760,7
adult,64,0.01,0.0,3e-05,0.97,1,0,20,3,3,mlp2,1,1,0,2000,0,18,200,en-XGB,sex,all,0,100,100,lap_noise,0.1,1.0,-1.0,victim_only,grad,0,0.0,0.005,0.05,0.05,0,10,0.3,1,5,0,res_s1_adult.csv,cuda,0.8200,0.8707,0.6365,0.5858,0.6635,0.6137,40
adult,64,0.01,0.0,3e-05,0.97,1,0,20,4,3,mlp2,1,1,0,2000,0,18,200,XGB,sex,b_grad,0,100,100,lap_noise,0.1,1.0,-1.0,victim_only,grad,0,0.0,0.005,0.05,0.05,0,10,0.3,1,5,0,res_s1_adult.csv,cuda,0.8320,0.8873,0.6766,0.5767,0.6635,0.6263,9
adult,64,0.01,0.0,3e-05,0.97,1,0,20,4,3,mlp2,1,1,0,2000,0,18,200,XGB,sex,b_output,0,100,100,lap_noise,0.1,1.0,-1.0,victim_only,grad,0,0.0,0.005,0.05,0.05,0,10,0.3,1,5,0,res_s1_adult.csv,cuda,0.8320,0.8873,0.6766,0.5767,0.6635,0.6351,8
adult,64,0.01,0.0,3e-05,0.97,1,0,20,4,3,mlp2,1,1,0,2000,0,18,200,XGB,sex,a_grad,0,100,100,lap_noise,0.1,1.0,-1.0,victim_only,grad,0,0.0,0.005,0.05,0.05,0,10,0.3,1,5,0,res_s1_adult.csv,cuda,0.8320,0.8873,0.6766,0.5767,0.6635,0.6700,8
adult,64,0.01,0.0,3e-05,0.97,1,0,20,4,3,mlp2,1,1,0,2000,0,18,200,XGB,sex,a_output,0,100,100,lap_noise,0.1,1.0,-1.0,victim_only,grad,0,0.0,0.005,0.05,0.05,0,10,0.3,1,5,0,res_s1_adult.csv,cuda,0.8320,0.8873,0.6766,0.5767,0.6635,0.7020,8
adult,64,0.01,0.0,3e-05,0.97,1,0,20,4,3,mlp2,1,1,0,2000,0,18,200,en-XGB,sex,all,0,100,100,lap_noise,0.1,1.0,-1.0,victim_only,grad,0,0.0,0.005,0.05,0.05,0,10,0.3,1,5,0,res_s1_adult.csv,cuda,0.8320,0.8873,0.6766,0.5767,0.6635,0.6419,40
